biconnected components:[[0], [2], [12], [15], [55], [56], [61], [62], [64], [66], [68], [70], [74, 73, 50, 51, 52, 53, 54, 46, 44, 71, 69, 67, 65, 63, 72, 58, 57, 59, 60, 33, 32, 34, 35, 36, 43, 42, 45, 47, 48, 49, 29, 41, 40, 39, 38, 37, 28, 27, 26, 25, 24, 23, 31, 30, 20, 21, 22, 9, 7, 13, 14, 17, 16, 19, 18, 10, 5, 11, 8, 4, 6, 3, 1]]
cutPoints: [9, 13, 57, 65, 63, 69, 67, 60, 3]
bridges:[(3,2), (9,12), (13,15), (57,55), (57,56), (60,61), (63,62), (65,64), (65,66), (67,68), (69,70)]
Major Contribution = 822
(2,12) 695
(2,15) 695
(2,55) 695
(2,56) 695
(2,61) 695
(2,62) 695
(2,64) 695
(2,66) 695
(2,68) 695
(2,70) 695
(12,15) 695
(12,55) 695
(12,56) 695
(12,61) 695
(12,62) 695
(12,64) 695
(12,66) 695
(12,68) 695
(12,70) 695
(15,55) 695
(15,56) 695
(15,61) 695
(15,62) 695
(15,64) 695
(15,66) 695
(15,68) 695
(15,70) 695
(55,56) 695
(55,61) 695
(55,62) 695
(55,64) 695
(55,66) 695
(55,68) 695
(55,70) 695
(56,61) 695
(56,62) 695
(56,64) 695
(56,66) 695
(56,68) 695
(56,70) 695
(61,62) 695
(61,64) 695
(61,66) 695
(61,68) 695
(61,70) 695
(62,64) 695
(62,66) 695
(62,68) 695
(62,70) 695
(64,66) 695
(64,68) 695
(64,70) 695
(66,68) 695
(66,70) 695
(68,70) 695
(2,1) 759
(2,4) 759
(2,5) 759
(2,6) 759
(2,7) 759
(2,8) 759
(2,9) 759
(2,10) 759
(2,11) 759
(2,13) 759
(2,14) 759
(2,16) 759
(2,17) 759
(2,18) 759
(2,19) 759
(2,20) 759
(2,21) 759
(2,22) 759
(2,23) 759
(2,24) 759
(2,25) 759
(2,26) 759
(2,27) 759
(2,28) 759
(2,29) 759
(2,30) 759
(2,31) 759
(2,32) 759
(2,33) 759
(2,34) 759
(2,35) 759
(2,36) 759
(2,37) 759
(2,38) 759
(2,39) 759
(2,40) 759
(2,41) 759
(2,42) 759
(2,43) 759
(2,44) 759
(2,45) 759
(2,46) 759
(2,47) 759
(2,48) 759
(2,49) 759
(2,50) 759
(2,51) 759
(2,52) 759
(2,53) 759
(2,54) 759
(2,57) 759
(2,58) 759
(2,59) 759
(2,60) 759
(2,63) 759
(2,65) 759
(2,67) 759
(2,69) 759
(2,71) 759
(2,72) 759
(2,73) 759
(2,74) 759
(7,15) 759
(7,55) 759
(7,56) 759
(7,61) 759
(7,62) 759
(7,64) 759
(7,66) 759
(7,68) 759
(7,70) 759
(9,15) 759
(9,55) 759
(9,56) 759
(9,61) 759
(9,62) 759
(9,64) 759
(9,66) 759
(9,68) 759
(9,70) 759
(12,1) 759
(12,2) 759
(12,3) 759
(12,4) 759
(12,5) 759
(12,6) 759
(12,7) 759
(12,8) 759
(12,10) 759
(12,11) 759
(12,13) 759
(12,14) 759
(12,16) 759
(12,17) 759
(12,18) 759
(12,19) 759
(12,20) 759
(12,21) 759
(12,22) 759
(12,23) 759
(12,24) 759
(12,25) 759
(12,26) 759
(12,27) 759
(12,28) 759
(12,29) 759
(12,30) 759
(12,31) 759
(12,32) 759
(12,33) 759
(12,34) 759
(12,35) 759
(12,36) 759
(12,37) 759
(12,38) 759
(12,39) 759
(12,40) 759
(12,41) 759
(12,42) 759
(12,43) 759
(12,44) 759
(12,45) 759
(12,46) 759
(12,47) 759
(12,48) 759
(12,49) 759
(12,50) 759
(12,51) 759
(12,52) 759
(12,53) 759
(12,54) 759
(12,57) 759
(12,58) 759
(12,59) 759
(12,60) 759
(12,63) 759
(12,65) 759
(12,67) 759
(12,69) 759
(12,71) 759
(12,72) 759
(12,73) 759
(12,74) 759
(13,55) 759
(13,56) 759
(13,61) 759
(13,62) 759
(13,64) 759
(13,66) 759
(13,68) 759
(13,70) 759
(15,1) 759
(15,2) 759
(15,3) 759
(15,4) 759
(15,5) 759
(15,6) 759
(15,7) 759
(15,8) 759
(15,9) 759
(15,10) 759
(15,11) 759
(15,12) 759
(15,14) 759
(15,16) 759
(15,17) 759
(15,18) 759
(15,19) 759
(15,20) 759
(15,21) 759
(15,22) 759
(15,23) 759
(15,24) 759
(15,25) 759
(15,26) 759
(15,27) 759
(15,28) 759
(15,29) 759
(15,30) 759
(15,31) 759
(15,32) 759
(15,33) 759
(15,34) 759
(15,35) 759
(15,36) 759
(15,37) 759
(15,38) 759
(15,39) 759
(15,40) 759
(15,41) 759
(15,42) 759
(15,43) 759
(15,44) 759
(15,45) 759
(15,46) 759
(15,47) 759
(15,48) 759
(15,49) 759
(15,50) 759
(15,51) 759
(15,52) 759
(15,53) 759
(15,54) 759
(15,57) 759
(15,58) 759
(15,59) 759
(15,60) 759
(15,63) 759
(15,65) 759
(15,67) 759
(15,69) 759
(15,71) 759
(15,72) 759
(15,73) 759
(15,74) 759
(33,55) 759
(33,56) 759
(33,61) 759
(33,62) 759
(33,64) 759
(33,66) 759
(33,68) 759
(33,70) 759
(55,1) 759
(55,2) 759
(55,3) 759
(55,4) 759
(55,5) 759
(55,6) 759
(55,7) 759
(55,8) 759
(55,9) 759
(55,10) 759
(55,11) 759
(55,12) 759
(55,13) 759
(55,14) 759
(55,15) 759
(55,16) 759
(55,17) 759
(55,18) 759
(55,19) 759
(55,20) 759
(55,21) 759
(55,22) 759
(55,23) 759
(55,24) 759
(55,25) 759
(55,26) 759
(55,27) 759
(55,28) 759
(55,29) 759
(55,30) 759
(55,31) 759
(55,32) 759
(55,33) 759
(55,34) 759
(55,35) 759
(55,36) 759
(55,37) 759
(55,38) 759
(55,39) 759
(55,40) 759
(55,41) 759
(55,42) 759
(55,43) 759
(55,44) 759
(55,45) 759
(55,46) 759
(55,47) 759
(55,48) 759
(55,49) 759
(55,50) 759
(55,51) 759
(55,52) 759
(55,53) 759
(55,54) 759
(55,58) 759
(55,59) 759
(55,60) 759
(55,63) 759
(55,65) 759
(55,67) 759
(55,69) 759
(55,71) 759
(55,72) 759
(55,73) 759
(55,74) 759
(56,1) 759
(56,2) 759
(56,3) 759
(56,4) 759
(56,5) 759
(56,6) 759
(56,7) 759
(56,8) 759
(56,9) 759
(56,10) 759
(56,11) 759
(56,12) 759
(56,13) 759
(56,14) 759
(56,15) 759
(56,16) 759
(56,17) 759
(56,18) 759
(56,19) 759
(56,20) 759
(56,21) 759
(56,22) 759
(56,23) 759
(56,24) 759
(56,25) 759
(56,26) 759
(56,27) 759
(56,28) 759
(56,29) 759
(56,30) 759
(56,31) 759
(56,32) 759
(56,33) 759
(56,34) 759
(56,35) 759
(56,36) 759
(56,37) 759
(56,38) 759
(56,39) 759
(56,40) 759
(56,41) 759
(56,42) 759
(56,43) 759
(56,44) 759
(56,45) 759
(56,46) 759
(56,47) 759
(56,48) 759
(56,49) 759
(56,50) 759
(56,51) 759
(56,52) 759
(56,53) 759
(56,54) 759
(56,55) 759
(56,58) 759
(56,59) 759
(56,60) 759
(56,63) 759
(56,65) 759
(56,67) 759
(56,69) 759
(56,71) 759
(56,72) 759
(56,73) 759
(56,74) 759
(57,61) 759
(57,62) 759
(57,64) 759
(57,66) 759
(57,68) 759
(57,70) 759
(58,61) 759
(58,62) 759
(58,64) 759
(58,66) 759
(58,68) 759
(58,70) 759
(59,61) 759
(59,62) 759
(59,64) 759
(59,66) 759
(59,68) 759
(59,70) 759
(61,1) 759
(61,2) 759
(61,3) 759
(61,4) 759
(61,5) 759
(61,6) 759
(61,7) 759
(61,8) 759
(61,9) 759
(61,10) 759
(61,11) 759
(61,12) 759
(61,13) 759
(61,14) 759
(61,15) 759
(61,16) 759
(61,17) 759
(61,18) 759
(61,19) 759
(61,20) 759
(61,21) 759
(61,22) 759
(61,23) 759
(61,24) 759
(61,25) 759
(61,26) 759
(61,27) 759
(61,28) 759
(61,29) 759
(61,30) 759
(61,31) 759
(61,32) 759
(61,33) 759
(61,34) 759
(61,35) 759
(61,36) 759
(61,37) 759
(61,38) 759
(61,39) 759
(61,40) 759
(61,41) 759
(61,42) 759
(61,43) 759
(61,44) 759
(61,45) 759
(61,46) 759
(61,47) 759
(61,48) 759
(61,49) 759
(61,50) 759
(61,51) 759
(61,52) 759
(61,53) 759
(61,54) 759
(61,55) 759
(61,56) 759
(61,57) 759
(61,58) 759
(61,59) 759
(61,63) 759
(61,65) 759
(61,67) 759
(61,69) 759
(61,71) 759
(61,72) 759
(61,73) 759
(61,74) 759
(62,1) 759
(62,2) 759
(62,3) 759
(62,4) 759
(62,5) 759
(62,6) 759
(62,7) 759
(62,8) 759
(62,9) 759
(62,10) 759
(62,11) 759
(62,12) 759
(62,13) 759
(62,14) 759
(62,15) 759
(62,16) 759
(62,17) 759
(62,18) 759
(62,19) 759
(62,20) 759
(62,21) 759
(62,22) 759
(62,23) 759
(62,24) 759
(62,25) 759
(62,26) 759
(62,27) 759
(62,28) 759
(62,29) 759
(62,30) 759
(62,31) 759
(62,32) 759
(62,33) 759
(62,34) 759
(62,35) 759
(62,36) 759
(62,37) 759
(62,38) 759
(62,39) 759
(62,40) 759
(62,41) 759
(62,42) 759
(62,43) 759
(62,44) 759
(62,45) 759
(62,46) 759
(62,47) 759
(62,48) 759
(62,49) 759
(62,50) 759
(62,51) 759
(62,52) 759
(62,53) 759
(62,54) 759
(62,55) 759
(62,56) 759
(62,57) 759
(62,58) 759
(62,59) 759
(62,60) 759
(62,61) 759
(62,65) 759
(62,67) 759
(62,69) 759
(62,71) 759
(62,72) 759
(62,73) 759
(62,74) 759
(63,68) 759
(63,70) 759
(64,1) 759
(64,2) 759
(64,3) 759
(64,4) 759
(64,5) 759
(64,6) 759
(64,7) 759
(64,8) 759
(64,9) 759
(64,10) 759
(64,11) 759
(64,12) 759
(64,13) 759
(64,14) 759
(64,15) 759
(64,16) 759
(64,17) 759
(64,18) 759
(64,19) 759
(64,20) 759
(64,21) 759
(64,22) 759
(64,23) 759
(64,24) 759
(64,25) 759
(64,26) 759
(64,27) 759
(64,28) 759
(64,29) 759
(64,30) 759
(64,31) 759
(64,32) 759
(64,33) 759
(64,34) 759
(64,35) 759
(64,36) 759
(64,37) 759
(64,38) 759
(64,39) 759
(64,40) 759
(64,41) 759
(64,42) 759
(64,43) 759
(64,44) 759
(64,45) 759
(64,46) 759
(64,47) 759
(64,48) 759
(64,49) 759
(64,50) 759
(64,51) 759
(64,52) 759
(64,53) 759
(64,54) 759
(64,55) 759
(64,56) 759
(64,57) 759
(64,58) 759
(64,59) 759
(64,60) 759
(64,61) 759
(64,62) 759
(64,63) 759
(64,67) 759
(64,69) 759
(64,71) 759
(64,72) 759
(64,73) 759
(64,74) 759
(65,68) 759
(65,70) 759
(66,1) 759
(66,2) 759
(66,3) 759
(66,4) 759
(66,5) 759
(66,6) 759
(66,7) 759
(66,8) 759
(66,9) 759
(66,10) 759
(66,11) 759
(66,12) 759
(66,13) 759
(66,14) 759
(66,15) 759
(66,16) 759
(66,17) 759
(66,18) 759
(66,19) 759
(66,20) 759
(66,21) 759
(66,22) 759
(66,23) 759
(66,24) 759
(66,25) 759
(66,26) 759
(66,27) 759
(66,28) 759
(66,29) 759
(66,30) 759
(66,31) 759
(66,32) 759
(66,33) 759
(66,34) 759
(66,35) 759
(66,36) 759
(66,37) 759
(66,38) 759
(66,39) 759
(66,40) 759
(66,41) 759
(66,42) 759
(66,43) 759
(66,44) 759
(66,45) 759
(66,46) 759
(66,47) 759
(66,48) 759
(66,49) 759
(66,50) 759
(66,51) 759
(66,52) 759
(66,53) 759
(66,54) 759
(66,55) 759
(66,56) 759
(66,57) 759
(66,58) 759
(66,59) 759
(66,60) 759
(66,61) 759
(66,62) 759
(66,63) 759
(66,64) 759
(66,67) 759
(66,69) 759
(66,71) 759
(66,72) 759
(66,73) 759
(66,74) 759
(68,1) 759
(68,2) 759
(68,3) 759
(68,4) 759
(68,5) 759
(68,6) 759
(68,7) 759
(68,8) 759
(68,9) 759
(68,10) 759
(68,11) 759
(68,12) 759
(68,13) 759
(68,14) 759
(68,15) 759
(68,16) 759
(68,17) 759
(68,18) 759
(68,19) 759
(68,20) 759
(68,21) 759
(68,22) 759
(68,23) 759
(68,24) 759
(68,25) 759
(68,26) 759
(68,27) 759
(68,28) 759
(68,29) 759
(68,30) 759
(68,31) 759
(68,32) 759
(68,33) 759
(68,34) 759
(68,35) 759
(68,36) 759
(68,37) 759
(68,38) 759
(68,39) 759
(68,40) 759
(68,41) 759
(68,42) 759
(68,43) 759
(68,44) 759
(68,45) 759
(68,46) 759
(68,47) 759
(68,48) 759
(68,49) 759
(68,50) 759
(68,51) 759
(68,52) 759
(68,53) 759
(68,54) 759
(68,55) 759
(68,56) 759
(68,57) 759
(68,58) 759
(68,59) 759
(68,60) 759
(68,61) 759
(68,62) 759
(68,63) 759
(68,64) 759
(68,65) 759
(68,66) 759
(68,69) 759
(68,71) 759
(68,72) 759
(68,73) 759
(68,74) 759
(70,1) 759
(70,2) 759
(70,3) 759
(70,4) 759
(70,5) 759
(70,6) 759
(70,7) 759
(70,8) 759
(70,9) 759
(70,10) 759
(70,11) 759
(70,12) 759
(70,13) 759
(70,14) 759
(70,15) 759
(70,16) 759
(70,17) 759
(70,18) 759
(70,19) 759
(70,20) 759
(70,21) 759
(70,22) 759
(70,23) 759
(70,24) 759
(70,25) 759
(70,26) 759
(70,27) 759
(70,28) 759
(70,29) 759
(70,30) 759
(70,31) 759
(70,32) 759
(70,33) 759
(70,34) 759
(70,35) 759
(70,36) 759
(70,37) 759
(70,38) 759
(70,39) 759
(70,40) 759
(70,41) 759
(70,42) 759
(70,43) 759
(70,44) 759
(70,45) 759
(70,46) 759
(70,47) 759
(70,48) 759
(70,49) 759
(70,50) 759
(70,51) 759
(70,52) 759
(70,53) 759
(70,54) 759
(70,55) 759
(70,56) 759
(70,57) 759
(70,58) 759
(70,59) 759
(70,60) 759
(70,61) 759
(70,62) 759
(70,63) 759
(70,64) 759
(70,65) 759
(70,66) 759
(70,67) 759
(70,68) 759
(70,71) 759
(70,72) 759
(70,73) 759
(70,74) 759
(72,61) 759
(72,62) 759
(72,64) 759
(72,66) 759
(72,68) 759
(72,70) 759
(1,2) 822
(1,3) 822
(1,4) 822
(1,5) 822
(1,6) 822
(1,7) 822
(1,8) 822
(1,9) 822
(1,10) 822
(1,11) 822
(1,12) 822
(1,13) 822
(1,14) 822
(1,15) 822
(1,16) 822
(1,17) 822
(1,18) 822
(1,19) 822
(1,20) 822
(1,21) 822
(1,22) 822
(1,23) 822
(1,24) 822
(1,25) 822
(1,26) 822
(1,27) 822
(1,28) 822
(1,29) 822
(1,30) 822
(1,31) 822
(1,32) 822
(1,33) 822
(1,34) 822
(1,35) 822
(1,36) 822
(1,37) 822
(1,38) 822
(1,39) 822
(1,40) 822
(1,41) 822
(1,42) 822
(1,43) 822
(1,44) 822
(1,45) 822
(1,46) 822
(1,47) 822
(1,48) 822
(1,49) 822
(1,50) 822
(1,51) 822
(1,52) 822
(1,53) 822
(1,54) 822
(1,55) 822
(1,56) 822
(1,57) 822
(1,58) 822
(1,59) 822
(1,60) 822
(1,61) 822
(1,62) 822
(1,63) 822
(1,64) 822
(1,65) 822
(1,66) 822
(1,67) 822
(1,68) 822
(1,69) 822
(1,70) 822
(1,71) 822
(1,72) 822
(1,73) 822
(1,74) 822
(2,3) 822
(3,1) 822
(3,2) 822
(3,4) 822
(3,5) 822
(3,6) 822
(3,7) 822
(3,8) 822
(3,9) 822
(3,10) 822
(3,11) 822
(3,12) 822
(3,13) 822
(3,14) 822
(3,15) 822
(3,16) 822
(3,17) 822
(3,18) 822
(3,19) 822
(3,20) 822
(3,21) 822
(3,22) 822
(3,23) 822
(3,24) 822
(3,25) 822
(3,26) 822
(3,27) 822
(3,28) 822
(3,29) 822
(3,30) 822
(3,31) 822
(3,32) 822
(3,33) 822
(3,34) 822
(3,35) 822
(3,36) 822
(3,37) 822
(3,38) 822
(3,39) 822
(3,40) 822
(3,41) 822
(3,42) 822
(3,43) 822
(3,44) 822
(3,45) 822
(3,46) 822
(3,47) 822
(3,48) 822
(3,49) 822
(3,50) 822
(3,51) 822
(3,52) 822
(3,53) 822
(3,54) 822
(3,55) 822
(3,56) 822
(3,57) 822
(3,58) 822
(3,59) 822
(3,60) 822
(3,61) 822
(3,62) 822
(3,63) 822
(3,64) 822
(3,65) 822
(3,66) 822
(3,67) 822
(3,68) 822
(3,69) 822
(3,70) 822
(3,71) 822
(3,72) 822
(3,73) 822
(3,74) 822
(4,1) 822
(4,2) 822
(4,3) 822
(4,5) 822
(4,6) 822
(4,7) 822
(4,8) 822
(4,9) 822
(4,10) 822
(4,11) 822
(4,12) 822
(4,13) 822
(4,14) 822
(4,15) 822
(4,16) 822
(4,17) 822
(4,18) 822
(4,19) 822
(4,20) 822
(4,21) 822
(4,22) 822
(4,23) 822
(4,24) 822
(4,25) 822
(4,26) 822
(4,27) 822
(4,28) 822
(4,29) 822
(4,30) 822
(4,31) 822
(4,32) 822
(4,33) 822
(4,34) 822
(4,35) 822
(4,36) 822
(4,37) 822
(4,38) 822
(4,39) 822
(4,40) 822
(4,41) 822
(4,42) 822
(4,43) 822
(4,44) 822
(4,45) 822
(4,46) 822
(4,47) 822
(4,48) 822
(4,49) 822
(4,50) 822
(4,51) 822
(4,52) 822
(4,53) 822
(4,54) 822
(4,55) 822
(4,56) 822
(4,57) 822
(4,58) 822
(4,59) 822
(4,60) 822
(4,61) 822
(4,62) 822
(4,63) 822
(4,64) 822
(4,65) 822
(4,66) 822
(4,67) 822
(4,68) 822
(4,69) 822
(4,70) 822
(4,71) 822
(4,72) 822
(4,73) 822
(4,74) 822
(5,1) 822
(5,2) 822
(5,3) 822
(5,4) 822
(5,6) 822
(5,7) 822
(5,8) 822
(5,9) 822
(5,10) 822
(5,11) 822
(5,12) 822
(5,13) 822
(5,14) 822
(5,15) 822
(5,16) 822
(5,17) 822
(5,18) 822
(5,19) 822
(5,20) 822
(5,21) 822
(5,22) 822
(5,23) 822
(5,24) 822
(5,25) 822
(5,26) 822
(5,27) 822
(5,28) 822
(5,29) 822
(5,30) 822
(5,31) 822
(5,32) 822
(5,33) 822
(5,34) 822
(5,35) 822
(5,36) 822
(5,37) 822
(5,38) 822
(5,39) 822
(5,40) 822
(5,41) 822
(5,42) 822
(5,43) 822
(5,44) 822
(5,45) 822
(5,46) 822
(5,47) 822
(5,48) 822
(5,49) 822
(5,50) 822
(5,51) 822
(5,52) 822
(5,53) 822
(5,54) 822
(5,55) 822
(5,56) 822
(5,57) 822
(5,58) 822
(5,59) 822
(5,60) 822
(5,61) 822
(5,62) 822
(5,63) 822
(5,64) 822
(5,65) 822
(5,66) 822
(5,67) 822
(5,68) 822
(5,69) 822
(5,70) 822
(5,71) 822
(5,72) 822
(5,73) 822
(5,74) 822
(6,1) 822
(6,2) 822
(6,3) 822
(6,4) 822
(6,5) 822
(6,7) 822
(6,8) 822
(6,9) 822
(6,10) 822
(6,11) 822
(6,12) 822
(6,13) 822
(6,14) 822
(6,15) 822
(6,16) 822
(6,17) 822
(6,18) 822
(6,19) 822
(6,20) 822
(6,21) 822
(6,22) 822
(6,23) 822
(6,24) 822
(6,25) 822
(6,26) 822
(6,27) 822
(6,28) 822
(6,29) 822
(6,30) 822
(6,31) 822
(6,32) 822
(6,33) 822
(6,34) 822
(6,35) 822
(6,36) 822
(6,37) 822
(6,38) 822
(6,39) 822
(6,40) 822
(6,41) 822
(6,42) 822
(6,43) 822
(6,44) 822
(6,45) 822
(6,46) 822
(6,47) 822
(6,48) 822
(6,49) 822
(6,50) 822
(6,51) 822
(6,52) 822
(6,53) 822
(6,54) 822
(6,55) 822
(6,56) 822
(6,57) 822
(6,58) 822
(6,59) 822
(6,60) 822
(6,61) 822
(6,62) 822
(6,63) 822
(6,64) 822
(6,65) 822
(6,66) 822
(6,67) 822
(6,68) 822
(6,69) 822
(6,70) 822
(6,71) 822
(6,72) 822
(6,73) 822
(6,74) 822
(7,1) 822
(7,2) 822
(7,3) 822
(7,4) 822
(7,5) 822
(7,6) 822
(7,8) 822
(7,9) 822
(7,10) 822
(7,11) 822
(7,12) 822
(7,13) 822
(7,14) 822
(7,16) 822
(7,17) 822
(7,18) 822
(7,19) 822
(7,20) 822
(7,21) 822
(7,22) 822
(7,23) 822
(7,24) 822
(7,25) 822
(7,26) 822
(7,27) 822
(7,28) 822
(7,29) 822
(7,30) 822
(7,31) 822
(7,32) 822
(7,33) 822
(7,34) 822
(7,35) 822
(7,36) 822
(7,37) 822
(7,38) 822
(7,39) 822
(7,40) 822
(7,41) 822
(7,42) 822
(7,43) 822
(7,44) 822
(7,45) 822
(7,46) 822
(7,47) 822
(7,48) 822
(7,49) 822
(7,50) 822
(7,51) 822
(7,52) 822
(7,53) 822
(7,54) 822
(7,57) 822
(7,58) 822
(7,59) 822
(7,60) 822
(7,63) 822
(7,65) 822
(7,67) 822
(7,69) 822
(7,71) 822
(7,72) 822
(7,73) 822
(7,74) 822
(8,1) 822
(8,2) 822
(8,3) 822
(8,4) 822
(8,5) 822
(8,6) 822
(8,7) 822
(8,9) 822
(8,10) 822
(8,11) 822
(8,12) 822
(8,13) 822
(8,14) 822
(8,15) 822
(8,16) 822
(8,17) 822
(8,18) 822
(8,19) 822
(8,20) 822
(8,21) 822
(8,22) 822
(8,23) 822
(8,24) 822
(8,25) 822
(8,26) 822
(8,27) 822
(8,28) 822
(8,29) 822
(8,30) 822
(8,31) 822
(8,32) 822
(8,33) 822
(8,34) 822
(8,35) 822
(8,36) 822
(8,37) 822
(8,38) 822
(8,39) 822
(8,40) 822
(8,41) 822
(8,42) 822
(8,43) 822
(8,44) 822
(8,45) 822
(8,46) 822
(8,47) 822
(8,48) 822
(8,49) 822
(8,50) 822
(8,51) 822
(8,52) 822
(8,53) 822
(8,54) 822
(8,55) 822
(8,56) 822
(8,57) 822
(8,58) 822
(8,59) 822
(8,60) 822
(8,61) 822
(8,62) 822
(8,63) 822
(8,64) 822
(8,65) 822
(8,66) 822
(8,67) 822
(8,68) 822
(8,69) 822
(8,70) 822
(8,71) 822
(8,72) 822
(8,73) 822
(8,74) 822
(9,1) 822
(9,2) 822
(9,3) 822
(9,4) 822
(9,5) 822
(9,6) 822
(9,7) 822
(9,8) 822
(9,10) 822
(9,11) 822
(9,12) 822
(9,13) 822
(9,14) 822
(9,16) 822
(9,17) 822
(9,18) 822
(9,19) 822
(9,20) 822
(9,21) 822
(9,22) 822
(9,23) 822
(9,24) 822
(9,25) 822
(9,26) 822
(9,27) 822
(9,28) 822
(9,29) 822
(9,30) 822
(9,31) 822
(9,32) 822
(9,33) 822
(9,34) 822
(9,35) 822
(9,36) 822
(9,37) 822
(9,38) 822
(9,39) 822
(9,40) 822
(9,41) 822
(9,42) 822
(9,43) 822
(9,44) 822
(9,45) 822
(9,46) 822
(9,47) 822
(9,48) 822
(9,49) 822
(9,50) 822
(9,51) 822
(9,52) 822
(9,53) 822
(9,54) 822
(9,57) 822
(9,58) 822
(9,59) 822
(9,60) 822
(9,63) 822
(9,65) 822
(9,67) 822
(9,69) 822
(9,71) 822
(9,72) 822
(9,73) 822
(9,74) 822
(10,1) 822
(10,2) 822
(10,3) 822
(10,4) 822
(10,5) 822
(10,6) 822
(10,7) 822
(10,8) 822
(10,9) 822
(10,11) 822
(10,12) 822
(10,13) 822
(10,14) 822
(10,15) 822
(10,16) 822
(10,17) 822
(10,18) 822
(10,19) 822
(10,20) 822
(10,21) 822
(10,22) 822
(10,23) 822
(10,24) 822
(10,25) 822
(10,26) 822
(10,27) 822
(10,28) 822
(10,29) 822
(10,30) 822
(10,31) 822
(10,32) 822
(10,33) 822
(10,34) 822
(10,35) 822
(10,36) 822
(10,37) 822
(10,38) 822
(10,39) 822
(10,40) 822
(10,41) 822
(10,42) 822
(10,43) 822
(10,44) 822
(10,45) 822
(10,46) 822
(10,47) 822
(10,48) 822
(10,49) 822
(10,50) 822
(10,51) 822
(10,52) 822
(10,53) 822
(10,54) 822
(10,55) 822
(10,56) 822
(10,57) 822
(10,58) 822
(10,59) 822
(10,60) 822
(10,61) 822
(10,62) 822
(10,63) 822
(10,64) 822
(10,65) 822
(10,66) 822
(10,67) 822
(10,68) 822
(10,69) 822
(10,70) 822
(10,71) 822
(10,72) 822
(10,73) 822
(10,74) 822
(11,1) 822
(11,2) 822
(11,3) 822
(11,4) 822
(11,5) 822
(11,6) 822
(11,7) 822
(11,8) 822
(11,9) 822
(11,10) 822
(11,12) 822
(11,13) 822
(11,14) 822
(11,15) 822
(11,16) 822
(11,17) 822
(11,18) 822
(11,19) 822
(11,20) 822
(11,21) 822
(11,22) 822
(11,23) 822
(11,24) 822
(11,25) 822
(11,26) 822
(11,27) 822
(11,28) 822
(11,29) 822
(11,30) 822
(11,31) 822
(11,32) 822
(11,33) 822
(11,34) 822
(11,35) 822
(11,36) 822
(11,37) 822
(11,38) 822
(11,39) 822
(11,40) 822
(11,41) 822
(11,42) 822
(11,43) 822
(11,44) 822
(11,45) 822
(11,46) 822
(11,47) 822
(11,48) 822
(11,49) 822
(11,50) 822
(11,51) 822
(11,52) 822
(11,53) 822
(11,54) 822
(11,55) 822
(11,56) 822
(11,57) 822
(11,58) 822
(11,59) 822
(11,60) 822
(11,61) 822
(11,62) 822
(11,63) 822
(11,64) 822
(11,65) 822
(11,66) 822
(11,67) 822
(11,68) 822
(11,69) 822
(11,70) 822
(11,71) 822
(11,72) 822
(11,73) 822
(11,74) 822
(12,9) 822
(13,1) 822
(13,2) 822
(13,3) 822
(13,4) 822
(13,5) 822
(13,6) 822
(13,7) 822
(13,8) 822
(13,9) 822
(13,10) 822
(13,11) 822
(13,12) 822
(13,14) 822
(13,15) 822
(13,16) 822
(13,17) 822
(13,18) 822
(13,19) 822
(13,20) 822
(13,21) 822
(13,22) 822
(13,23) 822
(13,24) 822
(13,25) 822
(13,26) 822
(13,27) 822
(13,28) 822
(13,29) 822
(13,30) 822
(13,31) 822
(13,32) 822
(13,33) 822
(13,34) 822
(13,35) 822
(13,36) 822
(13,37) 822
(13,38) 822
(13,39) 822
(13,40) 822
(13,41) 822
(13,42) 822
(13,43) 822
(13,44) 822
(13,45) 822
(13,46) 822
(13,47) 822
(13,48) 822
(13,49) 822
(13,50) 822
(13,51) 822
(13,52) 822
(13,53) 822
(13,54) 822
(13,57) 822
(13,58) 822
(13,59) 822
(13,60) 822
(13,63) 822
(13,65) 822
(13,67) 822
(13,69) 822
(13,71) 822
(13,72) 822
(13,73) 822
(13,74) 822
(14,1) 822
(14,2) 822
(14,3) 822
(14,4) 822
(14,5) 822
(14,6) 822
(14,7) 822
(14,8) 822
(14,9) 822
(14,10) 822
(14,11) 822
(14,12) 822
(14,13) 822
(14,15) 822
(14,16) 822
(14,17) 822
(14,18) 822
(14,19) 822
(14,20) 822
(14,21) 822
(14,22) 822
(14,23) 822
(14,24) 822
(14,25) 822
(14,26) 822
(14,27) 822
(14,28) 822
(14,29) 822
(14,30) 822
(14,31) 822
(14,32) 822
(14,33) 822
(14,34) 822
(14,35) 822
(14,36) 822
(14,37) 822
(14,38) 822
(14,39) 822
(14,40) 822
(14,41) 822
(14,42) 822
(14,43) 822
(14,44) 822
(14,45) 822
(14,46) 822
(14,47) 822
(14,48) 822
(14,49) 822
(14,50) 822
(14,51) 822
(14,52) 822
(14,53) 822
(14,54) 822
(14,55) 822
(14,56) 822
(14,57) 822
(14,58) 822
(14,59) 822
(14,60) 822
(14,61) 822
(14,62) 822
(14,63) 822
(14,64) 822
(14,65) 822
(14,66) 822
(14,67) 822
(14,68) 822
(14,69) 822
(14,70) 822
(14,71) 822
(14,72) 822
(14,73) 822
(14,74) 822
(15,13) 822
(16,1) 822
(16,2) 822
(16,3) 822
(16,4) 822
(16,5) 822
(16,6) 822
(16,7) 822
(16,8) 822
(16,9) 822
(16,10) 822
(16,11) 822
(16,12) 822
(16,13) 822
(16,14) 822
(16,15) 822
(16,17) 822
(16,18) 822
(16,19) 822
(16,20) 822
(16,21) 822
(16,22) 822
(16,23) 822
(16,24) 822
(16,25) 822
(16,26) 822
(16,27) 822
(16,28) 822
(16,29) 822
(16,30) 822
(16,31) 822
(16,32) 822
(16,33) 822
(16,34) 822
(16,35) 822
(16,36) 822
(16,37) 822
(16,38) 822
(16,39) 822
(16,40) 822
(16,41) 822
(16,42) 822
(16,43) 822
(16,44) 822
(16,45) 822
(16,46) 822
(16,47) 822
(16,48) 822
(16,49) 822
(16,50) 822
(16,51) 822
(16,52) 822
(16,53) 822
(16,54) 822
(16,55) 822
(16,56) 822
(16,57) 822
(16,58) 822
(16,59) 822
(16,60) 822
(16,61) 822
(16,62) 822
(16,63) 822
(16,64) 822
(16,65) 822
(16,66) 822
(16,67) 822
(16,68) 822
(16,69) 822
(16,70) 822
(16,71) 822
(16,72) 822
(16,73) 822
(16,74) 822
(17,1) 822
(17,2) 822
(17,3) 822
(17,4) 822
(17,5) 822
(17,6) 822
(17,7) 822
(17,8) 822
(17,9) 822
(17,10) 822
(17,11) 822
(17,12) 822
(17,13) 822
(17,14) 822
(17,15) 822
(17,16) 822
(17,18) 822
(17,19) 822
(17,20) 822
(17,21) 822
(17,22) 822
(17,23) 822
(17,24) 822
(17,25) 822
(17,26) 822
(17,27) 822
(17,28) 822
(17,29) 822
(17,30) 822
(17,31) 822
(17,32) 822
(17,33) 822
(17,34) 822
(17,35) 822
(17,36) 822
(17,37) 822
(17,38) 822
(17,39) 822
(17,40) 822
(17,41) 822
(17,42) 822
(17,43) 822
(17,44) 822
(17,45) 822
(17,46) 822
(17,47) 822
(17,48) 822
(17,49) 822
(17,50) 822
(17,51) 822
(17,52) 822
(17,53) 822
(17,54) 822
(17,55) 822
(17,56) 822
(17,57) 822
(17,58) 822
(17,59) 822
(17,60) 822
(17,61) 822
(17,62) 822
(17,63) 822
(17,64) 822
(17,65) 822
(17,66) 822
(17,67) 822
(17,68) 822
(17,69) 822
(17,70) 822
(17,71) 822
(17,72) 822
(17,73) 822
(17,74) 822
(18,1) 822
(18,2) 822
(18,3) 822
(18,4) 822
(18,5) 822
(18,6) 822
(18,7) 822
(18,8) 822
(18,9) 822
(18,10) 822
(18,11) 822
(18,12) 822
(18,13) 822
(18,14) 822
(18,15) 822
(18,16) 822
(18,17) 822
(18,19) 822
(18,20) 822
(18,21) 822
(18,22) 822
(18,23) 822
(18,24) 822
(18,25) 822
(18,26) 822
(18,27) 822
(18,28) 822
(18,29) 822
(18,30) 822
(18,31) 822
(18,32) 822
(18,33) 822
(18,34) 822
(18,35) 822
(18,36) 822
(18,37) 822
(18,38) 822
(18,39) 822
(18,40) 822
(18,41) 822
(18,42) 822
(18,43) 822
(18,44) 822
(18,45) 822
(18,46) 822
(18,47) 822
(18,48) 822
(18,49) 822
(18,50) 822
(18,51) 822
(18,52) 822
(18,53) 822
(18,54) 822
(18,55) 822
(18,56) 822
(18,57) 822
(18,58) 822
(18,59) 822
(18,60) 822
(18,61) 822
(18,62) 822
(18,63) 822
(18,64) 822
(18,65) 822
(18,66) 822
(18,67) 822
(18,68) 822
(18,69) 822
(18,70) 822
(18,71) 822
(18,72) 822
(18,73) 822
(18,74) 822
(19,1) 822
(19,2) 822
(19,3) 822
(19,4) 822
(19,5) 822
(19,6) 822
(19,7) 822
(19,8) 822
(19,9) 822
(19,10) 822
(19,11) 822
(19,12) 822
(19,13) 822
(19,14) 822
(19,15) 822
(19,16) 822
(19,17) 822
(19,18) 822
(19,20) 822
(19,21) 822
(19,22) 822
(19,23) 822
(19,24) 822
(19,25) 822
(19,26) 822
(19,27) 822
(19,28) 822
(19,29) 822
(19,30) 822
(19,31) 822
(19,32) 822
(19,33) 822
(19,34) 822
(19,35) 822
(19,36) 822
(19,37) 822
(19,38) 822
(19,39) 822
(19,40) 822
(19,41) 822
(19,42) 822
(19,43) 822
(19,44) 822
(19,45) 822
(19,46) 822
(19,47) 822
(19,48) 822
(19,49) 822
(19,50) 822
(19,51) 822
(19,52) 822
(19,53) 822
(19,54) 822
(19,55) 822
(19,56) 822
(19,57) 822
(19,58) 822
(19,59) 822
(19,60) 822
(19,61) 822
(19,62) 822
(19,63) 822
(19,64) 822
(19,65) 822
(19,66) 822
(19,67) 822
(19,68) 822
(19,69) 822
(19,70) 822
(19,71) 822
(19,72) 822
(19,73) 822
(19,74) 822
(20,1) 822
(20,2) 822
(20,3) 822
(20,4) 822
(20,5) 822
(20,6) 822
(20,7) 822
(20,8) 822
(20,9) 822
(20,10) 822
(20,11) 822
(20,12) 822
(20,13) 822
(20,14) 822
(20,15) 822
(20,16) 822
(20,17) 822
(20,18) 822
(20,19) 822
(20,21) 822
(20,22) 822
(20,23) 822
(20,24) 822
(20,25) 822
(20,26) 822
(20,27) 822
(20,28) 822
(20,29) 822
(20,30) 822
(20,31) 822
(20,32) 822
(20,33) 822
(20,34) 822
(20,35) 822
(20,36) 822
(20,37) 822
(20,38) 822
(20,39) 822
(20,40) 822
(20,41) 822
(20,42) 822
(20,43) 822
(20,44) 822
(20,45) 822
(20,46) 822
(20,47) 822
(20,48) 822
(20,49) 822
(20,50) 822
(20,51) 822
(20,52) 822
(20,53) 822
(20,54) 822
(20,55) 822
(20,56) 822
(20,57) 822
(20,58) 822
(20,59) 822
(20,60) 822
(20,61) 822
(20,62) 822
(20,63) 822
(20,64) 822
(20,65) 822
(20,66) 822
(20,67) 822
(20,68) 822
(20,69) 822
(20,70) 822
(20,71) 822
(20,72) 822
(20,73) 822
(20,74) 822
(21,1) 822
(21,2) 822
(21,3) 822
(21,4) 822
(21,5) 822
(21,6) 822
(21,7) 822
(21,8) 822
(21,9) 822
(21,10) 822
(21,11) 822
(21,12) 822
(21,13) 822
(21,14) 822
(21,15) 822
(21,16) 822
(21,17) 822
(21,18) 822
(21,19) 822
(21,20) 822
(21,22) 822
(21,23) 822
(21,24) 822
(21,25) 822
(21,26) 822
(21,27) 822
(21,28) 822
(21,29) 822
(21,30) 822
(21,31) 822
(21,32) 822
(21,33) 822
(21,34) 822
(21,35) 822
(21,36) 822
(21,37) 822
(21,38) 822
(21,39) 822
(21,40) 822
(21,41) 822
(21,42) 822
(21,43) 822
(21,44) 822
(21,45) 822
(21,46) 822
(21,47) 822
(21,48) 822
(21,49) 822
(21,50) 822
(21,51) 822
(21,52) 822
(21,53) 822
(21,54) 822
(21,55) 822
(21,56) 822
(21,57) 822
(21,58) 822
(21,59) 822
(21,60) 822
(21,61) 822
(21,62) 822
(21,63) 822
(21,64) 822
(21,65) 822
(21,66) 822
(21,67) 822
(21,68) 822
(21,69) 822
(21,70) 822
(21,71) 822
(21,72) 822
(21,73) 822
(21,74) 822
(22,1) 822
(22,2) 822
(22,3) 822
(22,4) 822
(22,5) 822
(22,6) 822
(22,7) 822
(22,8) 822
(22,9) 822
(22,10) 822
(22,11) 822
(22,12) 822
(22,13) 822
(22,14) 822
(22,15) 822
(22,16) 822
(22,17) 822
(22,18) 822
(22,19) 822
(22,20) 822
(22,21) 822
(22,23) 822
(22,24) 822
(22,25) 822
(22,26) 822
(22,27) 822
(22,28) 822
(22,29) 822
(22,30) 822
(22,31) 822
(22,32) 822
(22,33) 822
(22,34) 822
(22,35) 822
(22,36) 822
(22,37) 822
(22,38) 822
(22,39) 822
(22,40) 822
(22,41) 822
(22,42) 822
(22,43) 822
(22,44) 822
(22,45) 822
(22,46) 822
(22,47) 822
(22,48) 822
(22,49) 822
(22,50) 822
(22,51) 822
(22,52) 822
(22,53) 822
(22,54) 822
(22,55) 822
(22,56) 822
(22,57) 822
(22,58) 822
(22,59) 822
(22,60) 822
(22,61) 822
(22,62) 822
(22,63) 822
(22,64) 822
(22,65) 822
(22,66) 822
(22,67) 822
(22,68) 822
(22,69) 822
(22,70) 822
(22,71) 822
(22,72) 822
(22,73) 822
(22,74) 822
(23,1) 822
(23,2) 822
(23,3) 822
(23,4) 822
(23,5) 822
(23,6) 822
(23,7) 822
(23,8) 822
(23,9) 822
(23,10) 822
(23,11) 822
(23,12) 822
(23,13) 822
(23,14) 822
(23,15) 822
(23,16) 822
(23,17) 822
(23,18) 822
(23,19) 822
(23,20) 822
(23,21) 822
(23,22) 822
(23,24) 822
(23,25) 822
(23,26) 822
(23,27) 822
(23,28) 822
(23,29) 822
(23,30) 822
(23,31) 822
(23,32) 822
(23,33) 822
(23,34) 822
(23,35) 822
(23,36) 822
(23,37) 822
(23,38) 822
(23,39) 822
(23,40) 822
(23,41) 822
(23,42) 822
(23,43) 822
(23,44) 822
(23,45) 822
(23,46) 822
(23,47) 822
(23,48) 822
(23,49) 822
(23,50) 822
(23,51) 822
(23,52) 822
(23,53) 822
(23,54) 822
(23,55) 822
(23,56) 822
(23,57) 822
(23,58) 822
(23,59) 822
(23,60) 822
(23,61) 822
(23,62) 822
(23,63) 822
(23,64) 822
(23,65) 822
(23,66) 822
(23,67) 822
(23,68) 822
(23,69) 822
(23,70) 822
(23,71) 822
(23,72) 822
(23,73) 822
(23,74) 822
(24,1) 822
(24,2) 822
(24,3) 822
(24,4) 822
(24,5) 822
(24,6) 822
(24,7) 822
(24,8) 822
(24,9) 822
(24,10) 822
(24,11) 822
(24,12) 822
(24,13) 822
(24,14) 822
(24,15) 822
(24,16) 822
(24,17) 822
(24,18) 822
(24,19) 822
(24,20) 822
(24,21) 822
(24,22) 822
(24,23) 822
(24,25) 822
(24,26) 822
(24,27) 822
(24,28) 822
(24,29) 822
(24,30) 822
(24,31) 822
(24,32) 822
(24,33) 822
(24,34) 822
(24,35) 822
(24,36) 822
(24,37) 822
(24,38) 822
(24,39) 822
(24,40) 822
(24,41) 822
(24,42) 822
(24,43) 822
(24,44) 822
(24,45) 822
(24,46) 822
(24,47) 822
(24,48) 822
(24,49) 822
(24,50) 822
(24,51) 822
(24,52) 822
(24,53) 822
(24,54) 822
(24,55) 822
(24,56) 822
(24,57) 822
(24,58) 822
(24,59) 822
(24,60) 822
(24,61) 822
(24,62) 822
(24,63) 822
(24,64) 822
(24,65) 822
(24,66) 822
(24,67) 822
(24,68) 822
(24,69) 822
(24,70) 822
(24,71) 822
(24,72) 822
(24,73) 822
(24,74) 822
(25,1) 822
(25,2) 822
(25,3) 822
(25,4) 822
(25,5) 822
(25,6) 822
(25,7) 822
(25,8) 822
(25,9) 822
(25,10) 822
(25,11) 822
(25,12) 822
(25,13) 822
(25,14) 822
(25,15) 822
(25,16) 822
(25,17) 822
(25,18) 822
(25,19) 822
(25,20) 822
(25,21) 822
(25,22) 822
(25,23) 822
(25,24) 822
(25,26) 822
(25,27) 822
(25,28) 822
(25,29) 822
(25,30) 822
(25,31) 822
(25,32) 822
(25,33) 822
(25,34) 822
(25,35) 822
(25,36) 822
(25,37) 822
(25,38) 822
(25,39) 822
(25,40) 822
(25,41) 822
(25,42) 822
(25,43) 822
(25,44) 822
(25,45) 822
(25,46) 822
(25,47) 822
(25,48) 822
(25,49) 822
(25,50) 822
(25,51) 822
(25,52) 822
(25,53) 822
(25,54) 822
(25,55) 822
(25,56) 822
(25,57) 822
(25,58) 822
(25,59) 822
(25,60) 822
(25,61) 822
(25,62) 822
(25,63) 822
(25,64) 822
(25,65) 822
(25,66) 822
(25,67) 822
(25,68) 822
(25,69) 822
(25,70) 822
(25,71) 822
(25,72) 822
(25,73) 822
(25,74) 822
(26,1) 822
(26,2) 822
(26,3) 822
(26,4) 822
(26,5) 822
(26,6) 822
(26,7) 822
(26,8) 822
(26,9) 822
(26,10) 822
(26,11) 822
(26,12) 822
(26,13) 822
(26,14) 822
(26,15) 822
(26,16) 822
(26,17) 822
(26,18) 822
(26,19) 822
(26,20) 822
(26,21) 822
(26,22) 822
(26,23) 822
(26,24) 822
(26,25) 822
(26,27) 822
(26,28) 822
(26,29) 822
(26,30) 822
(26,31) 822
(26,32) 822
(26,33) 822
(26,34) 822
(26,35) 822
(26,36) 822
(26,37) 822
(26,38) 822
(26,39) 822
(26,40) 822
(26,41) 822
(26,42) 822
(26,43) 822
(26,44) 822
(26,45) 822
(26,46) 822
(26,47) 822
(26,48) 822
(26,49) 822
(26,50) 822
(26,51) 822
(26,52) 822
(26,53) 822
(26,54) 822
(26,55) 822
(26,56) 822
(26,57) 822
(26,58) 822
(26,59) 822
(26,60) 822
(26,61) 822
(26,62) 822
(26,63) 822
(26,64) 822
(26,65) 822
(26,66) 822
(26,67) 822
(26,68) 822
(26,69) 822
(26,70) 822
(26,71) 822
(26,72) 822
(26,73) 822
(26,74) 822
(27,1) 822
(27,2) 822
(27,3) 822
(27,4) 822
(27,5) 822
(27,6) 822
(27,7) 822
(27,8) 822
(27,9) 822
(27,10) 822
(27,11) 822
(27,12) 822
(27,13) 822
(27,14) 822
(27,15) 822
(27,16) 822
(27,17) 822
(27,18) 822
(27,19) 822
(27,20) 822
(27,21) 822
(27,22) 822
(27,23) 822
(27,24) 822
(27,25) 822
(27,26) 822
(27,28) 822
(27,29) 822
(27,30) 822
(27,31) 822
(27,32) 822
(27,33) 822
(27,34) 822
(27,35) 822
(27,36) 822
(27,37) 822
(27,38) 822
(27,39) 822
(27,40) 822
(27,41) 822
(27,42) 822
(27,43) 822
(27,44) 822
(27,45) 822
(27,46) 822
(27,47) 822
(27,48) 822
(27,49) 822
(27,50) 822
(27,51) 822
(27,52) 822
(27,53) 822
(27,54) 822
(27,55) 822
(27,56) 822
(27,57) 822
(27,58) 822
(27,59) 822
(27,60) 822
(27,61) 822
(27,62) 822
(27,63) 822
(27,64) 822
(27,65) 822
(27,66) 822
(27,67) 822
(27,68) 822
(27,69) 822
(27,70) 822
(27,71) 822
(27,72) 822
(27,73) 822
(27,74) 822
(28,1) 822
(28,2) 822
(28,3) 822
(28,4) 822
(28,5) 822
(28,6) 822
(28,7) 822
(28,8) 822
(28,9) 822
(28,10) 822
(28,11) 822
(28,12) 822
(28,13) 822
(28,14) 822
(28,15) 822
(28,16) 822
(28,17) 822
(28,18) 822
(28,19) 822
(28,20) 822
(28,21) 822
(28,22) 822
(28,23) 822
(28,24) 822
(28,25) 822
(28,26) 822
(28,27) 822
(28,29) 822
(28,30) 822
(28,31) 822
(28,32) 822
(28,33) 822
(28,34) 822
(28,35) 822
(28,36) 822
(28,37) 822
(28,38) 822
(28,39) 822
(28,40) 822
(28,41) 822
(28,42) 822
(28,43) 822
(28,44) 822
(28,45) 822
(28,46) 822
(28,47) 822
(28,48) 822
(28,49) 822
(28,50) 822
(28,51) 822
(28,52) 822
(28,53) 822
(28,54) 822
(28,55) 822
(28,56) 822
(28,57) 822
(28,58) 822
(28,59) 822
(28,60) 822
(28,61) 822
(28,62) 822
(28,63) 822
(28,64) 822
(28,65) 822
(28,66) 822
(28,67) 822
(28,68) 822
(28,69) 822
(28,70) 822
(28,71) 822
(28,72) 822
(28,73) 822
(28,74) 822
(29,1) 822
(29,2) 822
(29,3) 822
(29,4) 822
(29,5) 822
(29,6) 822
(29,7) 822
(29,8) 822
(29,9) 822
(29,10) 822
(29,11) 822
(29,12) 822
(29,13) 822
(29,14) 822
(29,15) 822
(29,16) 822
(29,17) 822
(29,18) 822
(29,19) 822
(29,20) 822
(29,21) 822
(29,22) 822
(29,23) 822
(29,24) 822
(29,25) 822
(29,26) 822
(29,27) 822
(29,28) 822
(29,30) 822
(29,31) 822
(29,32) 822
(29,33) 822
(29,34) 822
(29,35) 822
(29,36) 822
(29,37) 822
(29,38) 822
(29,39) 822
(29,40) 822
(29,41) 822
(29,42) 822
(29,43) 822
(29,44) 822
(29,45) 822
(29,46) 822
(29,47) 822
(29,48) 822
(29,49) 822
(29,50) 822
(29,51) 822
(29,52) 822
(29,53) 822
(29,54) 822
(29,55) 822
(29,56) 822
(29,57) 822
(29,58) 822
(29,59) 822
(29,60) 822
(29,61) 822
(29,62) 822
(29,63) 822
(29,64) 822
(29,65) 822
(29,66) 822
(29,67) 822
(29,68) 822
(29,69) 822
(29,70) 822
(29,71) 822
(29,72) 822
(29,73) 822
(29,74) 822
(30,1) 822
(30,2) 822
(30,3) 822
(30,4) 822
(30,5) 822
(30,6) 822
(30,7) 822
(30,8) 822
(30,9) 822
(30,10) 822
(30,11) 822
(30,12) 822
(30,13) 822
(30,14) 822
(30,15) 822
(30,16) 822
(30,17) 822
(30,18) 822
(30,19) 822
(30,20) 822
(30,21) 822
(30,22) 822
(30,23) 822
(30,24) 822
(30,25) 822
(30,26) 822
(30,27) 822
(30,28) 822
(30,29) 822
(30,31) 822
(30,32) 822
(30,33) 822
(30,34) 822
(30,35) 822
(30,36) 822
(30,37) 822
(30,38) 822
(30,39) 822
(30,40) 822
(30,41) 822
(30,42) 822
(30,43) 822
(30,44) 822
(30,45) 822
(30,46) 822
(30,47) 822
(30,48) 822
(30,49) 822
(30,50) 822
(30,51) 822
(30,52) 822
(30,53) 822
(30,54) 822
(30,55) 822
(30,56) 822
(30,57) 822
(30,58) 822
(30,59) 822
(30,60) 822
(30,61) 822
(30,62) 822
(30,63) 822
(30,64) 822
(30,65) 822
(30,66) 822
(30,67) 822
(30,68) 822
(30,69) 822
(30,70) 822
(30,71) 822
(30,72) 822
(30,73) 822
(30,74) 822
(31,1) 822
(31,2) 822
(31,3) 822
(31,4) 822
(31,5) 822
(31,6) 822
(31,7) 822
(31,8) 822
(31,9) 822
(31,10) 822
(31,11) 822
(31,12) 822
(31,13) 822
(31,14) 822
(31,15) 822
(31,16) 822
(31,17) 822
(31,18) 822
(31,19) 822
(31,20) 822
(31,21) 822
(31,22) 822
(31,23) 822
(31,24) 822
(31,25) 822
(31,26) 822
(31,27) 822
(31,28) 822
(31,29) 822
(31,30) 822
(31,32) 822
(31,33) 822
(31,34) 822
(31,35) 822
(31,36) 822
(31,37) 822
(31,38) 822
(31,39) 822
(31,40) 822
(31,41) 822
(31,42) 822
(31,43) 822
(31,44) 822
(31,45) 822
(31,46) 822
(31,47) 822
(31,48) 822
(31,49) 822
(31,50) 822
(31,51) 822
(31,52) 822
(31,53) 822
(31,54) 822
(31,55) 822
(31,56) 822
(31,57) 822
(31,58) 822
(31,59) 822
(31,60) 822
(31,61) 822
(31,62) 822
(31,63) 822
(31,64) 822
(31,65) 822
(31,66) 822
(31,67) 822
(31,68) 822
(31,69) 822
(31,70) 822
(31,71) 822
(31,72) 822
(31,73) 822
(31,74) 822
(32,1) 822
(32,2) 822
(32,3) 822
(32,4) 822
(32,5) 822
(32,6) 822
(32,7) 822
(32,8) 822
(32,9) 822
(32,10) 822
(32,11) 822
(32,12) 822
(32,13) 822
(32,14) 822
(32,15) 822
(32,16) 822
(32,17) 822
(32,18) 822
(32,19) 822
(32,20) 822
(32,21) 822
(32,22) 822
(32,23) 822
(32,24) 822
(32,25) 822
(32,26) 822
(32,27) 822
(32,28) 822
(32,29) 822
(32,30) 822
(32,31) 822
(32,33) 822
(32,34) 822
(32,35) 822
(32,36) 822
(32,37) 822
(32,38) 822
(32,39) 822
(32,40) 822
(32,41) 822
(32,42) 822
(32,43) 822
(32,44) 822
(32,45) 822
(32,46) 822
(32,47) 822
(32,48) 822
(32,49) 822
(32,50) 822
(32,51) 822
(32,52) 822
(32,53) 822
(32,54) 822
(32,55) 822
(32,56) 822
(32,57) 822
(32,58) 822
(32,59) 822
(32,60) 822
(32,61) 822
(32,62) 822
(32,63) 822
(32,64) 822
(32,65) 822
(32,66) 822
(32,67) 822
(32,68) 822
(32,69) 822
(32,70) 822
(32,71) 822
(32,72) 822
(32,73) 822
(32,74) 822
(33,1) 822
(33,2) 822
(33,3) 822
(33,4) 822
(33,5) 822
(33,6) 822
(33,7) 822
(33,8) 822
(33,9) 822
(33,10) 822
(33,11) 822
(33,12) 822
(33,13) 822
(33,14) 822
(33,15) 822
(33,16) 822
(33,17) 822
(33,18) 822
(33,19) 822
(33,20) 822
(33,21) 822
(33,22) 822
(33,23) 822
(33,24) 822
(33,25) 822
(33,26) 822
(33,27) 822
(33,28) 822
(33,29) 822
(33,30) 822
(33,31) 822
(33,32) 822
(33,34) 822
(33,35) 822
(33,36) 822
(33,37) 822
(33,38) 822
(33,39) 822
(33,40) 822
(33,41) 822
(33,42) 822
(33,43) 822
(33,44) 822
(33,45) 822
(33,46) 822
(33,47) 822
(33,48) 822
(33,49) 822
(33,50) 822
(33,51) 822
(33,52) 822
(33,53) 822
(33,54) 822
(33,57) 822
(33,58) 822
(33,59) 822
(33,60) 822
(33,63) 822
(33,65) 822
(33,67) 822
(33,69) 822
(33,71) 822
(33,72) 822
(33,73) 822
(33,74) 822
(34,1) 822
(34,2) 822
(34,3) 822
(34,4) 822
(34,5) 822
(34,6) 822
(34,7) 822
(34,8) 822
(34,9) 822
(34,10) 822
(34,11) 822
(34,12) 822
(34,13) 822
(34,14) 822
(34,15) 822
(34,16) 822
(34,17) 822
(34,18) 822
(34,19) 822
(34,20) 822
(34,21) 822
(34,22) 822
(34,23) 822
(34,24) 822
(34,25) 822
(34,26) 822
(34,27) 822
(34,28) 822
(34,29) 822
(34,30) 822
(34,31) 822
(34,32) 822
(34,33) 822
(34,35) 822
(34,36) 822
(34,37) 822
(34,38) 822
(34,39) 822
(34,40) 822
(34,41) 822
(34,42) 822
(34,43) 822
(34,44) 822
(34,45) 822
(34,46) 822
(34,47) 822
(34,48) 822
(34,49) 822
(34,50) 822
(34,51) 822
(34,52) 822
(34,53) 822
(34,54) 822
(34,55) 822
(34,56) 822
(34,57) 822
(34,58) 822
(34,59) 822
(34,60) 822
(34,61) 822
(34,62) 822
(34,63) 822
(34,64) 822
(34,65) 822
(34,66) 822
(34,67) 822
(34,68) 822
(34,69) 822
(34,70) 822
(34,71) 822
(34,72) 822
(34,73) 822
(34,74) 822
(35,1) 822
(35,2) 822
(35,3) 822
(35,4) 822
(35,5) 822
(35,6) 822
(35,7) 822
(35,8) 822
(35,9) 822
(35,10) 822
(35,11) 822
(35,12) 822
(35,13) 822
(35,14) 822
(35,15) 822
(35,16) 822
(35,17) 822
(35,18) 822
(35,19) 822
(35,20) 822
(35,21) 822
(35,22) 822
(35,23) 822
(35,24) 822
(35,25) 822
(35,26) 822
(35,27) 822
(35,28) 822
(35,29) 822
(35,30) 822
(35,31) 822
(35,32) 822
(35,33) 822
(35,34) 822
(35,36) 822
(35,37) 822
(35,38) 822
(35,39) 822
(35,40) 822
(35,41) 822
(35,42) 822
(35,43) 822
(35,44) 822
(35,45) 822
(35,46) 822
(35,47) 822
(35,48) 822
(35,49) 822
(35,50) 822
(35,51) 822
(35,52) 822
(35,53) 822
(35,54) 822
(35,55) 822
(35,56) 822
(35,57) 822
(35,58) 822
(35,59) 822
(35,60) 822
(35,61) 822
(35,62) 822
(35,63) 822
(35,64) 822
(35,65) 822
(35,66) 822
(35,67) 822
(35,68) 822
(35,69) 822
(35,70) 822
(35,71) 822
(35,72) 822
(35,73) 822
(35,74) 822
(36,1) 822
(36,2) 822
(36,3) 822
(36,4) 822
(36,5) 822
(36,6) 822
(36,7) 822
(36,8) 822
(36,9) 822
(36,10) 822
(36,11) 822
(36,12) 822
(36,13) 822
(36,14) 822
(36,15) 822
(36,16) 822
(36,17) 822
(36,18) 822
(36,19) 822
(36,20) 822
(36,21) 822
(36,22) 822
(36,23) 822
(36,24) 822
(36,25) 822
(36,26) 822
(36,27) 822
(36,28) 822
(36,29) 822
(36,30) 822
(36,31) 822
(36,32) 822
(36,33) 822
(36,34) 822
(36,35) 822
(36,37) 822
(36,38) 822
(36,39) 822
(36,40) 822
(36,41) 822
(36,42) 822
(36,43) 822
(36,44) 822
(36,45) 822
(36,46) 822
(36,47) 822
(36,48) 822
(36,49) 822
(36,50) 822
(36,51) 822
(36,52) 822
(36,53) 822
(36,54) 822
(36,55) 822
(36,56) 822
(36,57) 822
(36,58) 822
(36,59) 822
(36,60) 822
(36,61) 822
(36,62) 822
(36,63) 822
(36,64) 822
(36,65) 822
(36,66) 822
(36,67) 822
(36,68) 822
(36,69) 822
(36,70) 822
(36,71) 822
(36,72) 822
(36,73) 822
(36,74) 822
(37,1) 822
(37,2) 822
(37,3) 822
(37,4) 822
(37,5) 822
(37,6) 822
(37,7) 822
(37,8) 822
(37,9) 822
(37,10) 822
(37,11) 822
(37,12) 822
(37,13) 822
(37,14) 822
(37,15) 822
(37,16) 822
(37,17) 822
(37,18) 822
(37,19) 822
(37,20) 822
(37,21) 822
(37,22) 822
(37,23) 822
(37,24) 822
(37,25) 822
(37,26) 822
(37,27) 822
(37,28) 822
(37,29) 822
(37,30) 822
(37,31) 822
(37,32) 822
(37,33) 822
(37,34) 822
(37,35) 822
(37,36) 822
(37,38) 822
(37,39) 822
(37,40) 822
(37,41) 822
(37,42) 822
(37,43) 822
(37,44) 822
(37,45) 822
(37,46) 822
(37,47) 822
(37,48) 822
(37,49) 822
(37,50) 822
(37,51) 822
(37,52) 822
(37,53) 822
(37,54) 822
(37,55) 822
(37,56) 822
(37,57) 822
(37,58) 822
(37,59) 822
(37,60) 822
(37,61) 822
(37,62) 822
(37,63) 822
(37,64) 822
(37,65) 822
(37,66) 822
(37,67) 822
(37,68) 822
(37,69) 822
(37,70) 822
(37,71) 822
(37,72) 822
(37,73) 822
(37,74) 822
(38,1) 822
(38,2) 822
(38,3) 822
(38,4) 822
(38,5) 822
(38,6) 822
(38,7) 822
(38,8) 822
(38,9) 822
(38,10) 822
(38,11) 822
(38,12) 822
(38,13) 822
(38,14) 822
(38,15) 822
(38,16) 822
(38,17) 822
(38,18) 822
(38,19) 822
(38,20) 822
(38,21) 822
(38,22) 822
(38,23) 822
(38,24) 822
(38,25) 822
(38,26) 822
(38,27) 822
(38,28) 822
(38,29) 822
(38,30) 822
(38,31) 822
(38,32) 822
(38,33) 822
(38,34) 822
(38,35) 822
(38,36) 822
(38,37) 822
(38,39) 822
(38,40) 822
(38,41) 822
(38,42) 822
(38,43) 822
(38,44) 822
(38,45) 822
(38,46) 822
(38,47) 822
(38,48) 822
(38,49) 822
(38,50) 822
(38,51) 822
(38,52) 822
(38,53) 822
(38,54) 822
(38,55) 822
(38,56) 822
(38,57) 822
(38,58) 822
(38,59) 822
(38,60) 822
(38,61) 822
(38,62) 822
(38,63) 822
(38,64) 822
(38,65) 822
(38,66) 822
(38,67) 822
(38,68) 822
(38,69) 822
(38,70) 822
(38,71) 822
(38,72) 822
(38,73) 822
(38,74) 822
(39,1) 822
(39,2) 822
(39,3) 822
(39,4) 822
(39,5) 822
(39,6) 822
(39,7) 822
(39,8) 822
(39,9) 822
(39,10) 822
(39,11) 822
(39,12) 822
(39,13) 822
(39,14) 822
(39,15) 822
(39,16) 822
(39,17) 822
(39,18) 822
(39,19) 822
(39,20) 822
(39,21) 822
(39,22) 822
(39,23) 822
(39,24) 822
(39,25) 822
(39,26) 822
(39,27) 822
(39,28) 822
(39,29) 822
(39,30) 822
(39,31) 822
(39,32) 822
(39,33) 822
(39,34) 822
(39,35) 822
(39,36) 822
(39,37) 822
(39,38) 822
(39,40) 822
(39,41) 822
(39,42) 822
(39,43) 822
(39,44) 822
(39,45) 822
(39,46) 822
(39,47) 822
(39,48) 822
(39,49) 822
(39,50) 822
(39,51) 822
(39,52) 822
(39,53) 822
(39,54) 822
(39,55) 822
(39,56) 822
(39,57) 822
(39,58) 822
(39,59) 822
(39,60) 822
(39,61) 822
(39,62) 822
(39,63) 822
(39,64) 822
(39,65) 822
(39,66) 822
(39,67) 822
(39,68) 822
(39,69) 822
(39,70) 822
(39,71) 822
(39,72) 822
(39,73) 822
(39,74) 822
(40,1) 822
(40,2) 822
(40,3) 822
(40,4) 822
(40,5) 822
(40,6) 822
(40,7) 822
(40,8) 822
(40,9) 822
(40,10) 822
(40,11) 822
(40,12) 822
(40,13) 822
(40,14) 822
(40,15) 822
(40,16) 822
(40,17) 822
(40,18) 822
(40,19) 822
(40,20) 822
(40,21) 822
(40,22) 822
(40,23) 822
(40,24) 822
(40,25) 822
(40,26) 822
(40,27) 822
(40,28) 822
(40,29) 822
(40,30) 822
(40,31) 822
(40,32) 822
(40,33) 822
(40,34) 822
(40,35) 822
(40,36) 822
(40,37) 822
(40,38) 822
(40,39) 822
(40,41) 822
(40,42) 822
(40,43) 822
(40,44) 822
(40,45) 822
(40,46) 822
(40,47) 822
(40,48) 822
(40,49) 822
(40,50) 822
(40,51) 822
(40,52) 822
(40,53) 822
(40,54) 822
(40,55) 822
(40,56) 822
(40,57) 822
(40,58) 822
(40,59) 822
(40,60) 822
(40,61) 822
(40,62) 822
(40,63) 822
(40,64) 822
(40,65) 822
(40,66) 822
(40,67) 822
(40,68) 822
(40,69) 822
(40,70) 822
(40,71) 822
(40,72) 822
(40,73) 822
(40,74) 822
(41,1) 822
(41,2) 822
(41,3) 822
(41,4) 822
(41,5) 822
(41,6) 822
(41,7) 822
(41,8) 822
(41,9) 822
(41,10) 822
(41,11) 822
(41,12) 822
(41,13) 822
(41,14) 822
(41,15) 822
(41,16) 822
(41,17) 822
(41,18) 822
(41,19) 822
(41,20) 822
(41,21) 822
(41,22) 822
(41,23) 822
(41,24) 822
(41,25) 822
(41,26) 822
(41,27) 822
(41,28) 822
(41,29) 822
(41,30) 822
(41,31) 822
(41,32) 822
(41,33) 822
(41,34) 822
(41,35) 822
(41,36) 822
(41,37) 822
(41,38) 822
(41,39) 822
(41,40) 822
(41,42) 822
(41,43) 822
(41,44) 822
(41,45) 822
(41,46) 822
(41,47) 822
(41,48) 822
(41,49) 822
(41,50) 822
(41,51) 822
(41,52) 822
(41,53) 822
(41,54) 822
(41,55) 822
(41,56) 822
(41,57) 822
(41,58) 822
(41,59) 822
(41,60) 822
(41,61) 822
(41,62) 822
(41,63) 822
(41,64) 822
(41,65) 822
(41,66) 822
(41,67) 822
(41,68) 822
(41,69) 822
(41,70) 822
(41,71) 822
(41,72) 822
(41,73) 822
(41,74) 822
(42,1) 822
(42,2) 822
(42,3) 822
(42,4) 822
(42,5) 822
(42,6) 822
(42,7) 822
(42,8) 822
(42,9) 822
(42,10) 822
(42,11) 822
(42,12) 822
(42,13) 822
(42,14) 822
(42,15) 822
(42,16) 822
(42,17) 822
(42,18) 822
(42,19) 822
(42,20) 822
(42,21) 822
(42,22) 822
(42,23) 822
(42,24) 822
(42,25) 822
(42,26) 822
(42,27) 822
(42,28) 822
(42,29) 822
(42,30) 822
(42,31) 822
(42,32) 822
(42,33) 822
(42,34) 822
(42,35) 822
(42,36) 822
(42,37) 822
(42,38) 822
(42,39) 822
(42,40) 822
(42,41) 822
(42,43) 822
(42,44) 822
(42,45) 822
(42,46) 822
(42,47) 822
(42,48) 822
(42,49) 822
(42,50) 822
(42,51) 822
(42,52) 822
(42,53) 822
(42,54) 822
(42,55) 822
(42,56) 822
(42,57) 822
(42,58) 822
(42,59) 822
(42,60) 822
(42,61) 822
(42,62) 822
(42,63) 822
(42,64) 822
(42,65) 822
(42,66) 822
(42,67) 822
(42,68) 822
(42,69) 822
(42,70) 822
(42,71) 822
(42,72) 822
(42,73) 822
(42,74) 822
(43,1) 822
(43,2) 822
(43,3) 822
(43,4) 822
(43,5) 822
(43,6) 822
(43,7) 822
(43,8) 822
(43,9) 822
(43,10) 822
(43,11) 822
(43,12) 822
(43,13) 822
(43,14) 822
(43,15) 822
(43,16) 822
(43,17) 822
(43,18) 822
(43,19) 822
(43,20) 822
(43,21) 822
(43,22) 822
(43,23) 822
(43,24) 822
(43,25) 822
(43,26) 822
(43,27) 822
(43,28) 822
(43,29) 822
(43,30) 822
(43,31) 822
(43,32) 822
(43,33) 822
(43,34) 822
(43,35) 822
(43,36) 822
(43,37) 822
(43,38) 822
(43,39) 822
(43,40) 822
(43,41) 822
(43,42) 822
(43,44) 822
(43,45) 822
(43,46) 822
(43,47) 822
(43,48) 822
(43,49) 822
(43,50) 822
(43,51) 822
(43,52) 822
(43,53) 822
(43,54) 822
(43,55) 822
(43,56) 822
(43,57) 822
(43,58) 822
(43,59) 822
(43,60) 822
(43,61) 822
(43,62) 822
(43,63) 822
(43,64) 822
(43,65) 822
(43,66) 822
(43,67) 822
(43,68) 822
(43,69) 822
(43,70) 822
(43,71) 822
(43,72) 822
(43,73) 822
(43,74) 822
(44,1) 822
(44,2) 822
(44,3) 822
(44,4) 822
(44,5) 822
(44,6) 822
(44,7) 822
(44,8) 822
(44,9) 822
(44,10) 822
(44,11) 822
(44,12) 822
(44,13) 822
(44,14) 822
(44,15) 822
(44,16) 822
(44,17) 822
(44,18) 822
(44,19) 822
(44,20) 822
(44,21) 822
(44,22) 822
(44,23) 822
(44,24) 822
(44,25) 822
(44,26) 822
(44,27) 822
(44,28) 822
(44,29) 822
(44,30) 822
(44,31) 822
(44,32) 822
(44,33) 822
(44,34) 822
(44,35) 822
(44,36) 822
(44,37) 822
(44,38) 822
(44,39) 822
(44,40) 822
(44,41) 822
(44,42) 822
(44,43) 822
(44,45) 822
(44,46) 822
(44,47) 822
(44,48) 822
(44,49) 822
(44,50) 822
(44,51) 822
(44,52) 822
(44,53) 822
(44,54) 822
(44,55) 822
(44,56) 822
(44,57) 822
(44,58) 822
(44,59) 822
(44,60) 822
(44,61) 822
(44,62) 822
(44,63) 822
(44,64) 822
(44,65) 822
(44,66) 822
(44,67) 822
(44,68) 822
(44,69) 822
(44,70) 822
(44,71) 822
(44,72) 822
(44,73) 822
(44,74) 822
(45,1) 822
(45,2) 822
(45,3) 822
(45,4) 822
(45,5) 822
(45,6) 822
(45,7) 822
(45,8) 822
(45,9) 822
(45,10) 822
(45,11) 822
(45,12) 822
(45,13) 822
(45,14) 822
(45,15) 822
(45,16) 822
(45,17) 822
(45,18) 822
(45,19) 822
(45,20) 822
(45,21) 822
(45,22) 822
(45,23) 822
(45,24) 822
(45,25) 822
(45,26) 822
(45,27) 822
(45,28) 822
(45,29) 822
(45,30) 822
(45,31) 822
(45,32) 822
(45,33) 822
(45,34) 822
(45,35) 822
(45,36) 822
(45,37) 822
(45,38) 822
(45,39) 822
(45,40) 822
(45,41) 822
(45,42) 822
(45,43) 822
(45,44) 822
(45,46) 822
(45,47) 822
(45,48) 822
(45,49) 822
(45,50) 822
(45,51) 822
(45,52) 822
(45,53) 822
(45,54) 822
(45,55) 822
(45,56) 822
(45,57) 822
(45,58) 822
(45,59) 822
(45,60) 822
(45,61) 822
(45,62) 822
(45,63) 822
(45,64) 822
(45,65) 822
(45,66) 822
(45,67) 822
(45,68) 822
(45,69) 822
(45,70) 822
(45,71) 822
(45,72) 822
(45,73) 822
(45,74) 822
(46,1) 822
(46,2) 822
(46,3) 822
(46,4) 822
(46,5) 822
(46,6) 822
(46,7) 822
(46,8) 822
(46,9) 822
(46,10) 822
(46,11) 822
(46,12) 822
(46,13) 822
(46,14) 822
(46,15) 822
(46,16) 822
(46,17) 822
(46,18) 822
(46,19) 822
(46,20) 822
(46,21) 822
(46,22) 822
(46,23) 822
(46,24) 822
(46,25) 822
(46,26) 822
(46,27) 822
(46,28) 822
(46,29) 822
(46,30) 822
(46,31) 822
(46,32) 822
(46,33) 822
(46,34) 822
(46,35) 822
(46,36) 822
(46,37) 822
(46,38) 822
(46,39) 822
(46,40) 822
(46,41) 822
(46,42) 822
(46,43) 822
(46,44) 822
(46,45) 822
(46,47) 822
(46,48) 822
(46,49) 822
(46,50) 822
(46,51) 822
(46,52) 822
(46,53) 822
(46,54) 822
(46,55) 822
(46,56) 822
(46,57) 822
(46,58) 822
(46,59) 822
(46,60) 822
(46,61) 822
(46,62) 822
(46,63) 822
(46,64) 822
(46,65) 822
(46,66) 822
(46,67) 822
(46,68) 822
(46,69) 822
(46,70) 822
(46,71) 822
(46,72) 822
(46,73) 822
(46,74) 822
(47,1) 822
(47,2) 822
(47,3) 822
(47,4) 822
(47,5) 822
(47,6) 822
(47,7) 822
(47,8) 822
(47,9) 822
(47,10) 822
(47,11) 822
(47,12) 822
(47,13) 822
(47,14) 822
(47,15) 822
(47,16) 822
(47,17) 822
(47,18) 822
(47,19) 822
(47,20) 822
(47,21) 822
(47,22) 822
(47,23) 822
(47,24) 822
(47,25) 822
(47,26) 822
(47,27) 822
(47,28) 822
(47,29) 822
(47,30) 822
(47,31) 822
(47,32) 822
(47,33) 822
(47,34) 822
(47,35) 822
(47,36) 822
(47,37) 822
(47,38) 822
(47,39) 822
(47,40) 822
(47,41) 822
(47,42) 822
(47,43) 822
(47,44) 822
(47,45) 822
(47,46) 822
(47,48) 822
(47,49) 822
(47,50) 822
(47,51) 822
(47,52) 822
(47,53) 822
(47,54) 822
(47,55) 822
(47,56) 822
(47,57) 822
(47,58) 822
(47,59) 822
(47,60) 822
(47,61) 822
(47,62) 822
(47,63) 822
(47,64) 822
(47,65) 822
(47,66) 822
(47,67) 822
(47,68) 822
(47,69) 822
(47,70) 822
(47,71) 822
(47,72) 822
(47,73) 822
(47,74) 822
(48,1) 822
(48,2) 822
(48,3) 822
(48,4) 822
(48,5) 822
(48,6) 822
(48,7) 822
(48,8) 822
(48,9) 822
(48,10) 822
(48,11) 822
(48,12) 822
(48,13) 822
(48,14) 822
(48,15) 822
(48,16) 822
(48,17) 822
(48,18) 822
(48,19) 822
(48,20) 822
(48,21) 822
(48,22) 822
(48,23) 822
(48,24) 822
(48,25) 822
(48,26) 822
(48,27) 822
(48,28) 822
(48,29) 822
(48,30) 822
(48,31) 822
(48,32) 822
(48,33) 822
(48,34) 822
(48,35) 822
(48,36) 822
(48,37) 822
(48,38) 822
(48,39) 822
(48,40) 822
(48,41) 822
(48,42) 822
(48,43) 822
(48,44) 822
(48,45) 822
(48,46) 822
(48,47) 822
(48,49) 822
(48,50) 822
(48,51) 822
(48,52) 822
(48,53) 822
(48,54) 822
(48,55) 822
(48,56) 822
(48,57) 822
(48,58) 822
(48,59) 822
(48,60) 822
(48,61) 822
(48,62) 822
(48,63) 822
(48,64) 822
(48,65) 822
(48,66) 822
(48,67) 822
(48,68) 822
(48,69) 822
(48,70) 822
(48,71) 822
(48,72) 822
(48,73) 822
(48,74) 822
(49,1) 822
(49,2) 822
(49,3) 822
(49,4) 822
(49,5) 822
(49,6) 822
(49,7) 822
(49,8) 822
(49,9) 822
(49,10) 822
(49,11) 822
(49,12) 822
(49,13) 822
(49,14) 822
(49,15) 822
(49,16) 822
(49,17) 822
(49,18) 822
(49,19) 822
(49,20) 822
(49,21) 822
(49,22) 822
(49,23) 822
(49,24) 822
(49,25) 822
(49,26) 822
(49,27) 822
(49,28) 822
(49,29) 822
(49,30) 822
(49,31) 822
(49,32) 822
(49,33) 822
(49,34) 822
(49,35) 822
(49,36) 822
(49,37) 822
(49,38) 822
(49,39) 822
(49,40) 822
(49,41) 822
(49,42) 822
(49,43) 822
(49,44) 822
(49,45) 822
(49,46) 822
(49,47) 822
(49,48) 822
(49,50) 822
(49,51) 822
(49,52) 822
(49,53) 822
(49,54) 822
(49,55) 822
(49,56) 822
(49,57) 822
(49,58) 822
(49,59) 822
(49,60) 822
(49,61) 822
(49,62) 822
(49,63) 822
(49,64) 822
(49,65) 822
(49,66) 822
(49,67) 822
(49,68) 822
(49,69) 822
(49,70) 822
(49,71) 822
(49,72) 822
(49,73) 822
(49,74) 822
(50,1) 822
(50,2) 822
(50,3) 822
(50,4) 822
(50,5) 822
(50,6) 822
(50,7) 822
(50,8) 822
(50,9) 822
(50,10) 822
(50,11) 822
(50,12) 822
(50,13) 822
(50,14) 822
(50,15) 822
(50,16) 822
(50,17) 822
(50,18) 822
(50,19) 822
(50,20) 822
(50,21) 822
(50,22) 822
(50,23) 822
(50,24) 822
(50,25) 822
(50,26) 822
(50,27) 822
(50,28) 822
(50,29) 822
(50,30) 822
(50,31) 822
(50,32) 822
(50,33) 822
(50,34) 822
(50,35) 822
(50,36) 822
(50,37) 822
(50,38) 822
(50,39) 822
(50,40) 822
(50,41) 822
(50,42) 822
(50,43) 822
(50,44) 822
(50,45) 822
(50,46) 822
(50,47) 822
(50,48) 822
(50,49) 822
(50,51) 822
(50,52) 822
(50,53) 822
(50,54) 822
(50,55) 822
(50,56) 822
(50,57) 822
(50,58) 822
(50,59) 822
(50,60) 822
(50,61) 822
(50,62) 822
(50,63) 822
(50,64) 822
(50,65) 822
(50,66) 822
(50,67) 822
(50,68) 822
(50,69) 822
(50,70) 822
(50,71) 822
(50,72) 822
(50,73) 822
(50,74) 822
(51,1) 822
(51,2) 822
(51,3) 822
(51,4) 822
(51,5) 822
(51,6) 822
(51,7) 822
(51,8) 822
(51,9) 822
(51,10) 822
(51,11) 822
(51,12) 822
(51,13) 822
(51,14) 822
(51,15) 822
(51,16) 822
(51,17) 822
(51,18) 822
(51,19) 822
(51,20) 822
(51,21) 822
(51,22) 822
(51,23) 822
(51,24) 822
(51,25) 822
(51,26) 822
(51,27) 822
(51,28) 822
(51,29) 822
(51,30) 822
(51,31) 822
(51,32) 822
(51,33) 822
(51,34) 822
(51,35) 822
(51,36) 822
(51,37) 822
(51,38) 822
(51,39) 822
(51,40) 822
(51,41) 822
(51,42) 822
(51,43) 822
(51,44) 822
(51,45) 822
(51,46) 822
(51,47) 822
(51,48) 822
(51,49) 822
(51,50) 822
(51,52) 822
(51,53) 822
(51,54) 822
(51,55) 822
(51,56) 822
(51,57) 822
(51,58) 822
(51,59) 822
(51,60) 822
(51,61) 822
(51,62) 822
(51,63) 822
(51,64) 822
(51,65) 822
(51,66) 822
(51,67) 822
(51,68) 822
(51,69) 822
(51,70) 822
(51,71) 822
(51,72) 822
(51,73) 822
(51,74) 822
(52,1) 822
(52,2) 822
(52,3) 822
(52,4) 822
(52,5) 822
(52,6) 822
(52,7) 822
(52,8) 822
(52,9) 822
(52,10) 822
(52,11) 822
(52,12) 822
(52,13) 822
(52,14) 822
(52,15) 822
(52,16) 822
(52,17) 822
(52,18) 822
(52,19) 822
(52,20) 822
(52,21) 822
(52,22) 822
(52,23) 822
(52,24) 822
(52,25) 822
(52,26) 822
(52,27) 822
(52,28) 822
(52,29) 822
(52,30) 822
(52,31) 822
(52,32) 822
(52,33) 822
(52,34) 822
(52,35) 822
(52,36) 822
(52,37) 822
(52,38) 822
(52,39) 822
(52,40) 822
(52,41) 822
(52,42) 822
(52,43) 822
(52,44) 822
(52,45) 822
(52,46) 822
(52,47) 822
(52,48) 822
(52,49) 822
(52,50) 822
(52,51) 822
(52,53) 822
(52,54) 822
(52,55) 822
(52,56) 822
(52,57) 822
(52,58) 822
(52,59) 822
(52,60) 822
(52,61) 822
(52,62) 822
(52,63) 822
(52,64) 822
(52,65) 822
(52,66) 822
(52,67) 822
(52,68) 822
(52,69) 822
(52,70) 822
(52,71) 822
(52,72) 822
(52,73) 822
(52,74) 822
(53,1) 822
(53,2) 822
(53,3) 822
(53,4) 822
(53,5) 822
(53,6) 822
(53,7) 822
(53,8) 822
(53,9) 822
(53,10) 822
(53,11) 822
(53,12) 822
(53,13) 822
(53,14) 822
(53,15) 822
(53,16) 822
(53,17) 822
(53,18) 822
(53,19) 822
(53,20) 822
(53,21) 822
(53,22) 822
(53,23) 822
(53,24) 822
(53,25) 822
(53,26) 822
(53,27) 822
(53,28) 822
(53,29) 822
(53,30) 822
(53,31) 822
(53,32) 822
(53,33) 822
(53,34) 822
(53,35) 822
(53,36) 822
(53,37) 822
(53,38) 822
(53,39) 822
(53,40) 822
(53,41) 822
(53,42) 822
(53,43) 822
(53,44) 822
(53,45) 822
(53,46) 822
(53,47) 822
(53,48) 822
(53,49) 822
(53,50) 822
(53,51) 822
(53,52) 822
(53,54) 822
(53,55) 822
(53,56) 822
(53,57) 822
(53,58) 822
(53,59) 822
(53,60) 822
(53,61) 822
(53,62) 822
(53,63) 822
(53,64) 822
(53,65) 822
(53,66) 822
(53,67) 822
(53,68) 822
(53,69) 822
(53,70) 822
(53,71) 822
(53,72) 822
(53,73) 822
(53,74) 822
(54,1) 822
(54,2) 822
(54,3) 822
(54,4) 822
(54,5) 822
(54,6) 822
(54,7) 822
(54,8) 822
(54,9) 822
(54,10) 822
(54,11) 822
(54,12) 822
(54,13) 822
(54,14) 822
(54,15) 822
(54,16) 822
(54,17) 822
(54,18) 822
(54,19) 822
(54,20) 822
(54,21) 822
(54,22) 822
(54,23) 822
(54,24) 822
(54,25) 822
(54,26) 822
(54,27) 822
(54,28) 822
(54,29) 822
(54,30) 822
(54,31) 822
(54,32) 822
(54,33) 822
(54,34) 822
(54,35) 822
(54,36) 822
(54,37) 822
(54,38) 822
(54,39) 822
(54,40) 822
(54,41) 822
(54,42) 822
(54,43) 822
(54,44) 822
(54,45) 822
(54,46) 822
(54,47) 822
(54,48) 822
(54,49) 822
(54,50) 822
(54,51) 822
(54,52) 822
(54,53) 822
(54,55) 822
(54,56) 822
(54,57) 822
(54,58) 822
(54,59) 822
(54,60) 822
(54,61) 822
(54,62) 822
(54,63) 822
(54,64) 822
(54,65) 822
(54,66) 822
(54,67) 822
(54,68) 822
(54,69) 822
(54,70) 822
(54,71) 822
(54,72) 822
(54,73) 822
(54,74) 822
(55,57) 822
(56,57) 822
(57,1) 822
(57,2) 822
(57,3) 822
(57,4) 822
(57,5) 822
(57,6) 822
(57,7) 822
(57,8) 822
(57,9) 822
(57,10) 822
(57,11) 822
(57,12) 822
(57,13) 822
(57,14) 822
(57,15) 822
(57,16) 822
(57,17) 822
(57,18) 822
(57,19) 822
(57,20) 822
(57,21) 822
(57,22) 822
(57,23) 822
(57,24) 822
(57,25) 822
(57,26) 822
(57,27) 822
(57,28) 822
(57,29) 822
(57,30) 822
(57,31) 822
(57,32) 822
(57,33) 822
(57,34) 822
(57,35) 822
(57,36) 822
(57,37) 822
(57,38) 822
(57,39) 822
(57,40) 822
(57,41) 822
(57,42) 822
(57,43) 822
(57,44) 822
(57,45) 822
(57,46) 822
(57,47) 822
(57,48) 822
(57,49) 822
(57,50) 822
(57,51) 822
(57,52) 822
(57,53) 822
(57,54) 822
(57,55) 822
(57,56) 822
(57,58) 822
(57,59) 822
(57,60) 822
(57,63) 822
(57,65) 822
(57,67) 822
(57,69) 822
(57,71) 822
(57,72) 822
(57,73) 822
(57,74) 822
(58,1) 822
(58,2) 822
(58,3) 822
(58,4) 822
(58,5) 822
(58,6) 822
(58,7) 822
(58,8) 822
(58,9) 822
(58,10) 822
(58,11) 822
(58,12) 822
(58,13) 822
(58,14) 822
(58,15) 822
(58,16) 822
(58,17) 822
(58,18) 822
(58,19) 822
(58,20) 822
(58,21) 822
(58,22) 822
(58,23) 822
(58,24) 822
(58,25) 822
(58,26) 822
(58,27) 822
(58,28) 822
(58,29) 822
(58,30) 822
(58,31) 822
(58,32) 822
(58,33) 822
(58,34) 822
(58,35) 822
(58,36) 822
(58,37) 822
(58,38) 822
(58,39) 822
(58,40) 822
(58,41) 822
(58,42) 822
(58,43) 822
(58,44) 822
(58,45) 822
(58,46) 822
(58,47) 822
(58,48) 822
(58,49) 822
(58,50) 822
(58,51) 822
(58,52) 822
(58,53) 822
(58,54) 822
(58,55) 822
(58,56) 822
(58,57) 822
(58,59) 822
(58,60) 822
(58,63) 822
(58,65) 822
(58,67) 822
(58,69) 822
(58,71) 822
(58,72) 822
(58,73) 822
(58,74) 822
(59,1) 822
(59,2) 822
(59,3) 822
(59,4) 822
(59,5) 822
(59,6) 822
(59,7) 822
(59,8) 822
(59,9) 822
(59,10) 822
(59,11) 822
(59,12) 822
(59,13) 822
(59,14) 822
(59,15) 822
(59,16) 822
(59,17) 822
(59,18) 822
(59,19) 822
(59,20) 822
(59,21) 822
(59,22) 822
(59,23) 822
(59,24) 822
(59,25) 822
(59,26) 822
(59,27) 822
(59,28) 822
(59,29) 822
(59,30) 822
(59,31) 822
(59,32) 822
(59,33) 822
(59,34) 822
(59,35) 822
(59,36) 822
(59,37) 822
(59,38) 822
(59,39) 822
(59,40) 822
(59,41) 822
(59,42) 822
(59,43) 822
(59,44) 822
(59,45) 822
(59,46) 822
(59,47) 822
(59,48) 822
(59,49) 822
(59,50) 822
(59,51) 822
(59,52) 822
(59,53) 822
(59,54) 822
(59,55) 822
(59,56) 822
(59,57) 822
(59,58) 822
(59,60) 822
(59,63) 822
(59,65) 822
(59,67) 822
(59,69) 822
(59,71) 822
(59,72) 822
(59,73) 822
(59,74) 822
(60,1) 822
(60,2) 822
(60,3) 822
(60,4) 822
(60,5) 822
(60,6) 822
(60,7) 822
(60,8) 822
(60,9) 822
(60,10) 822
(60,11) 822
(60,12) 822
(60,13) 822
(60,14) 822
(60,15) 822
(60,16) 822
(60,17) 822
(60,18) 822
(60,19) 822
(60,20) 822
(60,21) 822
(60,22) 822
(60,23) 822
(60,24) 822
(60,25) 822
(60,26) 822
(60,27) 822
(60,28) 822
(60,29) 822
(60,30) 822
(60,31) 822
(60,32) 822
(60,33) 822
(60,34) 822
(60,35) 822
(60,36) 822
(60,37) 822
(60,38) 822
(60,39) 822
(60,40) 822
(60,41) 822
(60,42) 822
(60,43) 822
(60,44) 822
(60,45) 822
(60,46) 822
(60,47) 822
(60,48) 822
(60,49) 822
(60,50) 822
(60,51) 822
(60,52) 822
(60,53) 822
(60,54) 822
(60,55) 822
(60,56) 822
(60,57) 822
(60,58) 822
(60,59) 822
(60,61) 822
(60,62) 822
(60,63) 822
(60,64) 822
(60,65) 822
(60,66) 822
(60,67) 822
(60,68) 822
(60,69) 822
(60,70) 822
(60,71) 822
(60,72) 822
(60,73) 822
(60,74) 822
(61,60) 822
(62,63) 822
(63,1) 822
(63,2) 822
(63,3) 822
(63,4) 822
(63,5) 822
(63,6) 822
(63,7) 822
(63,8) 822
(63,9) 822
(63,10) 822
(63,11) 822
(63,12) 822
(63,13) 822
(63,14) 822
(63,15) 822
(63,16) 822
(63,17) 822
(63,18) 822
(63,19) 822
(63,20) 822
(63,21) 822
(63,22) 822
(63,23) 822
(63,24) 822
(63,25) 822
(63,26) 822
(63,27) 822
(63,28) 822
(63,29) 822
(63,30) 822
(63,31) 822
(63,32) 822
(63,33) 822
(63,34) 822
(63,35) 822
(63,36) 822
(63,37) 822
(63,38) 822
(63,39) 822
(63,40) 822
(63,41) 822
(63,42) 822
(63,43) 822
(63,44) 822
(63,45) 822
(63,46) 822
(63,47) 822
(63,48) 822
(63,49) 822
(63,50) 822
(63,51) 822
(63,52) 822
(63,53) 822
(63,54) 822
(63,55) 822
(63,56) 822
(63,57) 822
(63,58) 822
(63,59) 822
(63,60) 822
(63,61) 822
(63,62) 822
(63,64) 822
(63,65) 822
(63,66) 822
(63,67) 822
(63,69) 822
(63,71) 822
(63,72) 822
(63,73) 822
(63,74) 822
(64,65) 822
(65,1) 822
(65,2) 822
(65,3) 822
(65,4) 822
(65,5) 822
(65,6) 822
(65,7) 822
(65,8) 822
(65,9) 822
(65,10) 822
(65,11) 822
(65,12) 822
(65,13) 822
(65,14) 822
(65,15) 822
(65,16) 822
(65,17) 822
(65,18) 822
(65,19) 822
(65,20) 822
(65,21) 822
(65,22) 822
(65,23) 822
(65,24) 822
(65,25) 822
(65,26) 822
(65,27) 822
(65,28) 822
(65,29) 822
(65,30) 822
(65,31) 822
(65,32) 822
(65,33) 822
(65,34) 822
(65,35) 822
(65,36) 822
(65,37) 822
(65,38) 822
(65,39) 822
(65,40) 822
(65,41) 822
(65,42) 822
(65,43) 822
(65,44) 822
(65,45) 822
(65,46) 822
(65,47) 822
(65,48) 822
(65,49) 822
(65,50) 822
(65,51) 822
(65,52) 822
(65,53) 822
(65,54) 822
(65,55) 822
(65,56) 822
(65,57) 822
(65,58) 822
(65,59) 822
(65,60) 822
(65,61) 822
(65,62) 822
(65,63) 822
(65,64) 822
(65,66) 822
(65,67) 822
(65,69) 822
(65,71) 822
(65,72) 822
(65,73) 822
(65,74) 822
(66,65) 822
(67,1) 822
(67,2) 822
(67,3) 822
(67,4) 822
(67,5) 822
(67,6) 822
(67,7) 822
(67,8) 822
(67,9) 822
(67,10) 822
(67,11) 822
(67,12) 822
(67,13) 822
(67,14) 822
(67,15) 822
(67,16) 822
(67,17) 822
(67,18) 822
(67,19) 822
(67,20) 822
(67,21) 822
(67,22) 822
(67,23) 822
(67,24) 822
(67,25) 822
(67,26) 822
(67,27) 822
(67,28) 822
(67,29) 822
(67,30) 822
(67,31) 822
(67,32) 822
(67,33) 822
(67,34) 822
(67,35) 822
(67,36) 822
(67,37) 822
(67,38) 822
(67,39) 822
(67,40) 822
(67,41) 822
(67,42) 822
(67,43) 822
(67,44) 822
(67,45) 822
(67,46) 822
(67,47) 822
(67,48) 822
(67,49) 822
(67,50) 822
(67,51) 822
(67,52) 822
(67,53) 822
(67,54) 822
(67,55) 822
(67,56) 822
(67,57) 822
(67,58) 822
(67,59) 822
(67,60) 822
(67,61) 822
(67,62) 822
(67,63) 822
(67,64) 822
(67,65) 822
(67,66) 822
(67,68) 822
(67,69) 822
(67,70) 822
(67,71) 822
(67,72) 822
(67,73) 822
(67,74) 822
(68,67) 822
(69,1) 822
(69,2) 822
(69,3) 822
(69,4) 822
(69,5) 822
(69,6) 822
(69,7) 822
(69,8) 822
(69,9) 822
(69,10) 822
(69,11) 822
(69,12) 822
(69,13) 822
(69,14) 822
(69,15) 822
(69,16) 822
(69,17) 822
(69,18) 822
(69,19) 822
(69,20) 822
(69,21) 822
(69,22) 822
(69,23) 822
(69,24) 822
(69,25) 822
(69,26) 822
(69,27) 822
(69,28) 822
(69,29) 822
(69,30) 822
(69,31) 822
(69,32) 822
(69,33) 822
(69,34) 822
(69,35) 822
(69,36) 822
(69,37) 822
(69,38) 822
(69,39) 822
(69,40) 822
(69,41) 822
(69,42) 822
(69,43) 822
(69,44) 822
(69,45) 822
(69,46) 822
(69,47) 822
(69,48) 822
(69,49) 822
(69,50) 822
(69,51) 822
(69,52) 822
(69,53) 822
(69,54) 822
(69,55) 822
(69,56) 822
(69,57) 822
(69,58) 822
(69,59) 822
(69,60) 822
(69,61) 822
(69,62) 822
(69,63) 822
(69,64) 822
(69,65) 822
(69,66) 822
(69,67) 822
(69,68) 822
(69,70) 822
(69,71) 822
(69,72) 822
(69,73) 822
(69,74) 822
(70,69) 822
(71,1) 822
(71,2) 822
(71,3) 822
(71,4) 822
(71,5) 822
(71,6) 822
(71,7) 822
(71,8) 822
(71,9) 822
(71,10) 822
(71,11) 822
(71,12) 822
(71,13) 822
(71,14) 822
(71,15) 822
(71,16) 822
(71,17) 822
(71,18) 822
(71,19) 822
(71,20) 822
(71,21) 822
(71,22) 822
(71,23) 822
(71,24) 822
(71,25) 822
(71,26) 822
(71,27) 822
(71,28) 822
(71,29) 822
(71,30) 822
(71,31) 822
(71,32) 822
(71,33) 822
(71,34) 822
(71,35) 822
(71,36) 822
(71,37) 822
(71,38) 822
(71,39) 822
(71,40) 822
(71,41) 822
(71,42) 822
(71,43) 822
(71,44) 822
(71,45) 822
(71,46) 822
(71,47) 822
(71,48) 822
(71,49) 822
(71,50) 822
(71,51) 822
(71,52) 822
(71,53) 822
(71,54) 822
(71,55) 822
(71,56) 822
(71,57) 822
(71,58) 822
(71,59) 822
(71,60) 822
(71,61) 822
(71,62) 822
(71,63) 822
(71,64) 822
(71,65) 822
(71,66) 822
(71,67) 822
(71,68) 822
(71,69) 822
(71,70) 822
(71,72) 822
(71,73) 822
(71,74) 822
(72,1) 822
(72,2) 822
(72,3) 822
(72,4) 822
(72,5) 822
(72,6) 822
(72,7) 822
(72,8) 822
(72,9) 822
(72,10) 822
(72,11) 822
(72,12) 822
(72,13) 822
(72,14) 822
(72,15) 822
(72,16) 822
(72,17) 822
(72,18) 822
(72,19) 822
(72,20) 822
(72,21) 822
(72,22) 822
(72,23) 822
(72,24) 822
(72,25) 822
(72,26) 822
(72,27) 822
(72,28) 822
(72,29) 822
(72,30) 822
(72,31) 822
(72,32) 822
(72,33) 822
(72,34) 822
(72,35) 822
(72,36) 822
(72,37) 822
(72,38) 822
(72,39) 822
(72,40) 822
(72,41) 822
(72,42) 822
(72,43) 822
(72,44) 822
(72,45) 822
(72,46) 822
(72,47) 822
(72,48) 822
(72,49) 822
(72,50) 822
(72,51) 822
(72,52) 822
(72,53) 822
(72,54) 822
(72,55) 822
(72,56) 822
(72,57) 822
(72,58) 822
(72,59) 822
(72,60) 822
(72,63) 822
(72,65) 822
(72,67) 822
(72,69) 822
(72,71) 822
(72,73) 822
(72,74) 822
(73,1) 822
(73,2) 822
(73,3) 822
(73,4) 822
(73,5) 822
(73,6) 822
(73,7) 822
(73,8) 822
(73,9) 822
(73,10) 822
(73,11) 822
(73,12) 822
(73,13) 822
(73,14) 822
(73,15) 822
(73,16) 822
(73,17) 822
(73,18) 822
(73,19) 822
(73,20) 822
(73,21) 822
(73,22) 822
(73,23) 822
(73,24) 822
(73,25) 822
(73,26) 822
(73,27) 822
(73,28) 822
(73,29) 822
(73,30) 822
(73,31) 822
(73,32) 822
(73,33) 822
(73,34) 822
(73,35) 822
(73,36) 822
(73,37) 822
(73,38) 822
(73,39) 822
(73,40) 822
(73,41) 822
(73,42) 822
(73,43) 822
(73,44) 822
(73,45) 822
(73,46) 822
(73,47) 822
(73,48) 822
(73,49) 822
(73,50) 822
(73,51) 822
(73,52) 822
(73,53) 822
(73,54) 822
(73,55) 822
(73,56) 822
(73,57) 822
(73,58) 822
(73,59) 822
(73,60) 822
(73,61) 822
(73,62) 822
(73,63) 822
(73,64) 822
(73,65) 822
(73,66) 822
(73,67) 822
(73,68) 822
(73,69) 822
(73,70) 822
(73,71) 822
(73,72) 822
(73,74) 822
(74,1) 822
(74,2) 822
(74,3) 822
(74,4) 822
(74,5) 822
(74,6) 822
(74,7) 822
(74,8) 822
(74,9) 822
(74,10) 822
(74,11) 822
(74,12) 822
(74,13) 822
(74,14) 822
(74,15) 822
(74,16) 822
(74,17) 822
(74,18) 822
(74,19) 822
(74,20) 822
(74,21) 822
(74,22) 822
(74,23) 822
(74,24) 822
(74,25) 822
(74,26) 822
(74,27) 822
(74,28) 822
(74,29) 822
(74,30) 822
(74,31) 822
(74,32) 822
(74,33) 822
(74,34) 822
(74,35) 822
(74,36) 822
(74,37) 822
(74,38) 822
(74,39) 822
(74,40) 822
(74,41) 822
(74,42) 822
(74,43) 822
(74,44) 822
(74,45) 822
(74,46) 822
(74,47) 822
(74,48) 822
(74,49) 822
(74,50) 822
(74,51) 822
(74,52) 822
(74,53) 822
(74,54) 822
(74,55) 822
(74,56) 822
(74,57) 822
(74,58) 822
(74,59) 822
(74,60) 822
(74,61) 822
(74,62) 822
(74,63) 822
(74,64) 822
(74,65) 822
(74,66) 822
(74,67) 822
(74,68) 822
(74,69) 822
(74,70) 822
(74,71) 822
(74,72) 822
(74,73) 822
